677708714
644930100
100003092368064
520466334
1738343571
1002357271
594405728
1261130239
645841804
1111554221
1421561898
1404480016
1274875732
659390648
458853884142101
671941089
1347387698
332403650220578
100001714405735
142021839166592
660241234
1496433466
592928162
637718357
100002726975479
14208423
510041655
501394917
608126058
134957069850547
100000515363784
747495452
1053756527
652481864
1525546372
466064150109484
17300775
1043390457
1501854981
676227044
1149423946
603379016
706000679
100001649413043
100003798006490
100002465958723
738517541
662405392
1272458754
743398925
671221773
753263055
100000433329266
24205164
582494947
1396033097
685866671
736856341
100002245373609
563216558
100000549910316
1017559111
1640536779
1184292098
224089444345173
501794421
1346072150
1404464309
119104221746
100003256018222
623475616
100001415686654
1547559281
100000148376075
703316172
100001211357051
843703933
100000756248489
100004280198187
625781468
100001064634290
1041624623
1331811729
1429524400
83000005
1331421963
1089783517
1550171653
100001895160184
34203848
71600786
1150276875
1477432606
100001795415488
36611921
726651054
1366292571
11001924
100003092570760
100005735465437
641555950
1461540292
115317708548936
1151679055
1127871036
8207378
1716117148
168682883147322
9378605
1027446345
115845948679
1079177094
1526330918
100000335724984
1412467484
1314915672
20800709
5911523577
233985709967902
8230763
212264420353
100004071352669
628760449
1018891947
1340050032
100000149656572
584278831
1703021954
569650175
1494857733
1440124417
1586317613
609297547
100000147808167
100004087201473
100001253024488
1276410551
1387232341
688891512
833465034
635837524
728056010
100003958521620
184973251246
606812487
1017747139
1048088407
1130410620
787764912
100001901912133
1539865426
548100033
1622499494
1438296330
213002575
1209526570
540995118
671065798
100005029453971
100003263829478
721869694
1479180080
1592777502
