1349681905
100003092368064
100003454164172
520466334
1002357271
100002222913684
100263620067946
1404480016
1377234429
659390648
671941089
1000372096
654189878
1204238987
628760449
100003967762119
1678734247
660241234
548100033
100002726975479
100000515363784
100001166082286
466064150109484
17300775
100003132385725
1465299203
1501854981
676227044
1149423946
1842988480
706000679
100002465958723
738517541
662405392
100000405950231
670742622
582494947
685866671
1313656924
500527916
1388915401
604303
100000549910316
1570894787
1017559111
1640536779
262987627096285
501794421
36611921
100003256018222
623475616
609566733
100001211357051
1429524400
516778102
1550171653
443919952303947
1214030144
588931840
100001795415488
11001924
650457728
641555950
1242637025
1461540292
1151679055
1533211566
8207378
567793357
1716117148
1027446345
1526330918
1274709393
100001766270461
767514600
8230763
212264420353
1047942020
332600371
1703021954
569650175
100003444176670
609297547
688891512
833465034
1393843602
1471659866
1158257148
564385614
100000975393127
100003293035620
1568524917
1592777502
