1245570076
100003195524267
1556526799
1135513339
1382567388
100001848184357
100001159818531
14818195
1501962853
100002512413100
100003402139768
690508695
651910358167813
100000894192191
100004646611091
1599336373
1105221013
1666117590
1514544793
1587441968
514426984
1330563798
100004233302588
1603539286
1501421259
100003093455453
100000063100903
1149186405
100000830815634
1008737355
100000909827728
100003585609775
1445650463
1586593046
100000598184019
1151079925
100002119708233
100004613797629
100001356060066
1213678181
100001274584140
100000432047234
100000934284580
100003860138149
100003583894514
100002196919032
1055826012
100001343773896
100002345457459
100003072673583
100002674880728
523167129
553128592
100001580843341
748013716
100003572367184
100001625834783
100001341328205
100001056383756
100000159054102
1445102255
100002002766359
100000476096078
1382276586
100000643845012
1488241229
100003359370519
100000877774217
1739964599
100004932391935
100000273477945
100000048527526
100002871712332
100002681925800
100000577603901
100001511061497
1442390499
100001149279218
100001575254549
100001992104137
1126351157
100003686967943
100003366717619
644946945
100003666518793
100003135699795
100001753340312
100001625911920
100002202230006
1529577293
100001474272333
608749215
1252925573
1705617243
100001214535962
42202940
100001286020063
1655611005
100002524570748
100000630942402
100000935597241
100000832746425
100002224858201
1321990718
100003615901982
100000015027780
560467745
1620303488
651859755
1330608488
100001580684923
100004384417470
1571401925
100001662382460
1235696553
1510615502
1040209545
1513902768
1466921945
1027326588
100005879923822
100000024662896
689823247
100001124493396
1665484835
194116794025616
1262930226
1294998164
100003126817716
1272311620
643595892
1572071127
100003072873718
100001741695293
1286506315
100000103256806
1099496688
100003609003407
100002089756479
100004097229957
100000981741917
100001492754170
100005153014240
100003621285306
100002243970364
100001245207218
100000163103625
1496954329
100000046011438
100004467400406
1841089516
21804174
100000501046922
1115611255
729795958
1798346725
100002773248476
100004207152555
1229950694
601639365
100001434916229
1132320231
100002843464449
100000109788521
100001632542042
100004795294775
100000502162680
100004483653032
100002937856763
100002386091725
658924308
100002916669555
100003763646556
100001714528883
100000820768982
100000629641058
100002477978284
100000835107485
100003239838268
100001704980437
1536181919
100001075351318
126493717434739
100002369941075
100003245660654
1395624742
100002513527433
100000967388125
100004309118224
100000190351776
820844
100002194220466
100000192935933
100004073551723
1589920054
100001352180350
652522864
100002859439855
100000768229275
1483601969
100003634126237
1350462946
1316224924
100001110606297
100000460207698
100000133154745
100000056367649
716285375
659710877
1223125138
100003856423201
100000122923325
100003660270558
58402595
100002936668969
100004486723331
1704384872
100001683244825
1832466147
100001736268339
1499197312
1252976407
100002931937192
1288860365
100004277023508
100000788336415
100000223631472
100002350356023
1219897207
1210021385
1114781391
1124945615
100000108952890
1387266804
100000478032923
1424041958
1321398031
1288360583
100000201732701
100000132334763
100004039244992
1321677419
100001211793705
100000581329485
1377523628
100000525083987
100000189512177
555385455
1381246905
1599092324
1722690210
100002969639082
886260183
1815818800
100001899463726
1367196524
841508944
100002520740016
100000512504323
100003656595228
100000095611730
703131653
733806857
100001066422473
100000134570598
1052283163
1271611696
100000270637771
100000689266076
100003326771189
100000523195854
100000959159060
100000052971384
100000263431025
100005828404189
1444488292
100001228292562
100000485498641
72404904
560244344
1298403453
100003123341083
100000293695766
100001103723900
1415135695
100000355957411
100002925770865
100003142959367
100004100978214
1798435053
100000882107535
100004793411860
1593666087
100000700732054
100000164437161
100002746895572
100000690450970
657541196
100003205554128
1412780997
100002540332164
870755363
1785704224
1317243650
100000679988994
748689346
100000744223731
100003011585401
1098967701
100003099642252
1624146018
1526830159
1256773051
100000852005026
100000349384403
100004149667567
1274165141
100004265856751
100002793296746
100002056445130
100001037475909
641767800
1460842069
1015480606
765151583
100002028286772
100001190644921
100001498305347
1213073889
100003629635125
100000891882910
100003361293923
100000334705452
543519466
100001930309163
1150601454
100001272583980
100003189385171
100000388711098
100001513286396
1029427846
621638926
100000212680558
1475059023
100000991758116
1639495634
100001404081284
100003750511047
1597306211
100000597724904
1830897425
1141736279
502876078
100000153417742
1841470691
100000750311332
1676366818
667608726
100003314011097
1820576652
1529604886
506836984
100002231424813
1190135948
1062421127
100000481483259
100003984072628
1590889101
100003290653067
100001624917291
1686444478
578877777
100004482340666
100001615120793
100002644165362
100004153600589
1485687310
745635287
1339213038
100003738345834
100005560086454
100001487420884
100000920652027
767544106
100004082854033
100000086146978
100001159500206
100002064856474
1583283440
738062897
100000042907039
100001538905992
710348851
100001017713818
100002571386793
100000266204220
1426996081
1797515815
1473733865
100000175710458
100000728146329
100000087392601
100000361392975
584347301
100002119842521
100000358087756
100002662600800
100000395704464
510240728
1432537683
100003502363056
1092648674
100000674242611
100002768036357
100003499615897
1409117661
1388894661
1249865620
100001345953715
1336918246
1740781256
1778266922
100004934492277
1570346628
1615570635
100000237793196
100000157191114
8905333
100000728987928
1079232820
1422166164
1567208242
100003476060507
511954055
100000565965304
1357081461
1511117321
1182210873
1308664922
100002003348860
100002753961376
1265953739
100005652751351
100004931496867
100005518389564
1637334368
100000385412924
100000058367675
100003166592723
100001580048684
100002574834920
1746575210
100002969593921
670077989
100005974476009
100000450847245
100000403542141
504264725
1362162240
100004329637528
1164023986
1351607385
1406463081
100003189050921
1310596232
100002604684940
100000719038060
100002560568184
100002347740949
647658099
1503815469
100002149822072
1204002339
549534512
100002893417328
100000575568476
100003388552621
100001284916575
1751825918
100004224906702
1588800036
100000525872606
100000876336070
1058714902
100000270701705
571373423
100004669413178
100001801488879
1780391995
100001558462008
100002400625861
100000228401986
1432654469
1180879223
100000573455915
100001241538286
1043317692
100000459971826
100001901661868
100003398642281
1149372835
100000894841660
100001803194505
100001229686050
1287157036
1199085032
100000275249101
1443708899
100004548031766
1676966011
813623339
598128756
1423069648
1200061146
503926473
805988711
100003779825153
100002880927587
100000150823325
100003939366751
100000922648864
1443139113
1301475620
100000087249512
1747501264
1347460655
100000373983733
100000622965124
100000572282512
100002616776435
100001693816455
100000289896481
100001699304467
100001224183702
100000036642499
100000551348611
100003173583844
1522695360
100001023331096
100000627966307
1405984753
794573918
100003345718364
100000169430998
100004872487617
100001659400518
661727461
100002606821992
1206530113
100001163266321
1105269367
1516609898
100000599723005
100003258277798
593308679
691212149
100001107066976
626666688
100000224920497
100001165346931
100001507400877
100002066426048
1629637960
100002433506445
100004456920993
100001269799894
1030271655
1111526485
100000604165465
1445737827
100003561816800
100000563814369
1452294328
100002189212941
100000493040501
1613787064
283865738355483
100003064239755
100001400720214
100003020224554
100000491968531
100001466251264
100001062559335
100000207501548
1205514293
100001704214949
100003477634689
100001806427886
100001818842189
100002034834586
100004179222752
1549638526
667469914
100001305922630
100002985124922
1168943648
100002910155346
100000185074011
741058918
100001993520604
545938291
100003273175252
100001128349078
100001185654903
100000728780429
100001110699070
100002436122369
1121201361
100002485988450
100002538581025
100003219538326
738668680
100000311206235
1428349669
1140502153
100000757064193
1353237478
100004055657802
1281552084
567491257
100001494342083
1010893194
1154195307
100002744767370
100000779617599
100003255372746
1486692581
1825290691
100000355209370
1249750644
1821127341
100000860785933
100003181805271
100001433953167
1365946823
100000509454365
100001481927436
100000581877963
580017166
100002240473520
1209063620
100002132355487
100002757297695
1831066531
100000314199858
1311033682
1461443975
100003056762659
100001173069670
100003528258907
100002091499186
537925094
100000383338311
100002262092226
632920179
1443458301
1447021981
100004545878535
1256370437
1241877648
100000291015677
559578072
1288871637
100002282617680
576173902
1003835713
1385500848
1003345427
100001123987416
100000630385578
100000034665149
100003273010912
100003249906811
100001909164614
100000482946076
100001688705124
100000451583671
631222800
100000742477218
100002309791648
1821019673
747694784
100004690803772
100002528249265
1445407904
100004071193858
100004636361333
100002502262228
100001045248342
1249489286
100005152117005
100003047305308
1569593280
1488288602
100004360964276
100001051846839
1224944828
100000329667034
100002230557368
1701081018
100000797853672
100001383545032
621961283
623801394
1543821069
508930785
100002263423285
100000331238324
48204454
100005000165018
100001088064099
100000550592798
100004517138896
100001552511655
100003635211243
100002428554644
1606661096
618685947
100000458590145
100003622990713
100003646685164
1625252197
100002288657473
100000159937225
100001680839244
1221350118
100000384160010
100002573274961
626242664
100000137214919
100000070909574
100002984326253
100001904857652
100001964476156
100003972014713
1354572061
100002208652202
1326061532
100000184873663
100000791128366
100000460645474
1360523908
100004068819714
100003214062391
100000398708292
1486314392
100002679841387
100003089665585
100002808964055
100001111536998
100003291383721
100000854451900
1363478943
100001379978576
100001046702249
100003370905029
100002579988719
1396082659
100000542164972
100003754791560
100000003296295
100002418229504
1170996254
1424876744
100001270903580
100002529540802
100002681432586
100003220632546
100000762398319
1003406207
1080712200
100002201633249
100004037118452
100001967765622
1125121614
100001585621171
100003038568200
100001834248543
100002997350154
100000103249329
1439177036
100000666093769
100000865511639
100002081953135
100003760912481
1301860303
100001545543631
100001101470639
100000234936233
1026821486
100003083270455
1639590178
838705322
100000663651310
1316834756
508231030
1340276463
100002336149060
596940623
100000537462168
100000460694372
755434681
100000224520046
1357231938
26606621
1138050174
100000223221556
100004004916229
1207643791
1306240342
37711339
100000279794089
1151981830
1281918343
643766170
100003876873723
100000048375693
100002767070776
100003026283222
100002251532515
100001292321176
1672071604
1653895615
1158701882
1178363364
1228270310
100003650042661
626420970
100001789855156
714815502
1509880670
100000030382543
100003103460118
100000108803496
100001125688911
100000550892378
100005650242037
63911696
1604105741
100000543939918
644186396
534414738
100002090502683
1498053172
562748682
100000156473436
100000933205830
1275600938
100000196350430
100002916657278
729975009
100003060656478
1138224641
100000632287252
100000536741224
1467998587
100000628164663
689050010
1468463342
100003239218172
100000478084091
100000422747344
100002883596743
1537517943
1750558047
100000219284355
100000592277886
1106261624
100000773472760
100000459911324
100000743060557
100000761088710
100001315740050
100002330388813
1658367150
1626040165
1222952733
100003703444127
1669836220
100005279556852
1292250791
744861069
100000524968169
100004224243430
837399571
1027541274
100001606041925
100000035365277
1547008033
100003514213404
1020871713
620970871
100000373160668
819373010
100002792622953
100000898034911
1300654737
1390718228
1348177602
100004389009073
609011734
100001365128733
1683168299
10503915
1794110018
1147488541
536953776
100002136160073
1323047079
100000681717168
1481076702
1653880483
1600234765
100003179273825
100000539973864
100001683552059
1007166042
100002810894031
100000833722621
100001428855264
100000929592696
1835211193
100002235413668
751686139
100003623790329
100001471237317
100003728280923
100000603538121
100002005287575
100001268437420
100003963686247
100004276211411
597365164
1790458627
1248084684
100000916136098
100002600371512
100003511730500
100002186847070
100000612781454
100000743763852
558603411
100003389853046
100002143873233
100002939593515
100001034272123
100000490740413
1302705207
100000428475533
100000955535684
1084814146
100001419244575
534745217
100000446049144
1230367178
100001429316472
100001619874911
100003282920330
1368267973
1037176487
1106225811
100002015487158
1331830950
100001449878684
1306237143
1295594124
100000608635257
100000670807663
100001133733636
100000331384225
100000087621272
100001837881655
100003545514156
100003564249491
100000892301958
100003185926151
1384487973
1298241804
100001440941359
1461895491
1805566181
100000868933700
100000106166955
100001646536485
1289030450
1343228845
100002067336797
100003322483496
100002555469649
100003690686422
100003596201985
100001424990604
100006289984456
635239590
100002703739157
1579761531
100003015261809
100003311373312
1419432819
100000506079443
100002371041210
1643366632
100000724010713
100000736631789
1022506803
513808233
1314461904
100001464357138
100001501411044
504393218
100001499187866
1182161526
100003499105841
100000606352901
508528688
1653410503
100004106413826
1448541044
1489263035
1833807608
1580413709
100003527647550
100000492388074
100001412379162
1538164798
100000410981555
662917726
100000274094115
1447452370
100000129978683
100003371741772
13901061
574076335
100000495274034
863205353
1123384009
100000022257411
100000822775233
1776168047
1332984941
1298816575
1639390990
565253377
100000447223488
100003016652856
100004965515521
100000708639518
100001130499188
1037138221
100004430372486
100001098831352
607796758
100000219308506
1742906106
100003029286913
100000129739397
1717823430
100000163723176
100003905749108
100000983619666
100001577213973
100000273857869
1399175838
100003449483000
100002630842577
1693645354
100003029835040
1509542988
100000846278868
100000305086983
100000643569657
100002388800184
100000417020112
100000515358109
1592422149
1307802691
100004838532759
663204153
100000262879037
100001313844652
1657703068
1402253895
100001163025271
100000443249161
1657877891
698979107
100000534675208
100002028167253
100004058415961
100002663116521
100002047835122
616707993
1441954395
858360506
100001609549127
7101104
100000880737468
100000708143921
100000062754934
667700888
100000516332829
100001020227468
100000305670136
1512395844
100004440457347
1396448645
100000241083913
100001406953797
646395805
100004091597863
100002760474886
1134374356
100000588293194
100001822419873
1558153745
100000068989196
704225321
100003261538237
100000839568738
100002106342270
1111583800
100004657565252
100000476293277
1482925413
100005942464508
1824766710
1749734723
100002846294838
100003599018219
1643139306
100000876948518
100003065788219
1674861737
100001821114515
100002766898723
100002942014669
1114007579
100000654631020
1670796440
681987495
100003255605401
630335499
625950506
1659706939
1053391796
100002688577908
1649664809
1338356966
646259303
1475324312
1214112381
100000420638446
100000089543370
100003276989247
100000678705189
1333744871
1749140765
100002014364412
30101641
100001670647730
100002339995384
1023811880
1547031691
100002442235594
100003203207368
100000966210404
710168657
1769677260
714429020
100002180922427
1472984210
1543272449
100001260817132
100001269332558
33606958
1401021057
100000077180756
1501320354
100002820617638
100000193210755
100001213113208
899635690
100000104732367
100001436744584
100001553959849
100003548723179
100001230411219
1033607059
100001479001298
100003287971490
100003601745133
100001343963377
100001877590563
100000443852210
100001993862050
1015759812
100001841125898
1099227576
100000563143610
1653424363
100000198126969
100000674979729
1097817701
771964946
100002481517898
100003306310525
100000913787198
100000212148486
1505040542
1783624758
100000459607568
100001568613644
705164138
100000857520561
100001524080473
1138502907
100004191724944
1687161051
100000082325988
1473080327
100000745080569
100001384115930
100004985612911
66300747
100002121625270
100000017761236
661001362
100002293135967
100002308240245
100000252723388
687214492
1664679571
100001782342314
100004134068377
1617705145
1234106852
1007615811
1712907892
100006228034307
100000934581002
741178789
55716644
1262629030
1257316661
100000172719908
100003969957268
100002025389119
1409513596
1122867348
100003288431387
835053465
734976190
1308398576
100001720142469
100003687324560
1474832781
566643050
1570808076
643689222
100000136811082
100000827961611
100003132435142
1270047007
100000221554253
100001661937290
100000305966874
1458574211
515544046
786742660
100004536664538
100004117205348
100000482761486
100003029288812
770687519
100000267452960
100001598285813
566563898
100003728525804
100002580021749
100001653425878
513724513
1185128856
100000373526928
100000580601674
118900252
100002846311742
100002559754979
100000496605405
100002417013372
1386023677
1593905057
1460973115
100002604801950
100002715566947
1660532038
100001606850748
100004145530388
1382814446
1140254262
100000427288271
1276282903
100001585375844
1038386197
1187929503
100003477349262
100003157000265
100000163721947
1377447076
100004677060968
100000629129214
100002566787159
100004088709651
1760333377
100002271351949
1626649994
100003129769832
100000685538423
100000109042265
100000724862530
1078251847
1254301448
1065453889
1616676960
100003166738843
100000245182441
100004468656660
1661067531
100002142165882
1709342259
609125005
1628750057
1737950593
1186857510
100002653195427
100001683720401
100001452358436
100004549320904
100003620114549
1325336136
100002451933551
100000536822140
1550636292
1652074229
100002173153543
100001320846697
100002940081367
100003036871644
100000952553174
100000003630301
100002018400545
100000665661074
100000521723875
100000672912731
100004258482234
100000094234821
818992312
1738660301
1199419475
100003353199754
100002153573408
1674675618
1505305673
100002947634069
100003861268709
100000876970868
100002035546961
100003622125761
100000020593337
100002890838163
100000981056474
100000136897012
100000539454141
1400054313
503382561
100003121217466
1298505567
100000792400081
1498068190
705455455
100000573201622
100000033965166
1649586190
100001593920395
100000122550924
100000045343804
1676761676
100001875981924
100001094781285
100004729056694
691637630
100000788162995
100002456996975
100000731221010
100001316283288
100000577732334
100001055306709
100001838826726
100001986472200
100000032232643
100000435253655
1416301861
100000242809601
100000332385663
100002559939229
100000864465370
100001097408395
100000539688393
1473921574
100000480590341
100002373565729
1568321403
100003268002704
799533445
100003834100963
1682288525
100005368264010
1665679998
1840402701
1455526647
100003648641013
100000528660260
552194672
100003383692309
100000305197147
100002163321610
100000826314215
100001458002361
19202890
1425153058
100001018609530
100001387861390
1369096957
100003464178862
1204835353
1141565497
1692340551
100005730931760
100001183248160
100001944401015
1310746962
1619960743
100004710552410
1471917244
1413042300
100000004685260
100000899410686
100001682690801
100000535290958
1111524939
100000701310542
100001121658422
100001251823735
1589106370
100000773645027
100000947299729
1416475504
1527077593
1428013699
100000256994003
1152776004
1636456298
100000790304550
100001055424632
1105535493
1255089507
1323030645
100001108092513
1449130856
574133682
100000114156521
1013079925
100000757844405
1074755260
668249008
1098951254
100000397938731
100003110442980
100001872525243
100001430385761
1299120029
1039815918
582585963
100001455310895
1427990348
100000762668305
1100780497
100000105221040
100002701611881
656492191
100000723584099
100002692241419
100001810114938
100001665742501
543105778
100005011151062
100003037963747
100003466985388
1523673620
1798103857
100004493198656
670572646
100000588351580
100003326011875
100002238316652
1147720344
100000138451295
100003303450716
721601860
805549758
100000955478745
100002580369551
1748845781
100002365205291
100003204162827
100003214241863
750762718
100000537628236
100003878650617
1758002164
100002107039371
100000277407913
100001307197483
1376141665
100002704371700
431397130278302
1369956408
100000286914166
1158860105
580898354
1102759085
100000812226916
1636222899
1021239545
797863495
1339180315
1579051035
100004690507855
100001283518987
100000093642723
1602024881
100001006413145
1132044076
100001327113367
100000321062570
100000056120349
1356300998
100003175044008
100003746305545
100002605567795
100002981075887
100004566012581
529362035
1652058516
100000498197970
1384552261
1046123905
100005178995001
1494338976
1341227469
100004372747613
100003383465321
100004152582404
1374142338
100000853763118
844442144
100000399513559
1609285520
100001247948959
100002455419245
635976623
100001151457064
1709192044
100004720929026
1061231389
1043129753
100000490870155
100000925330112
649623501
1324762679
100001502505248
100004515814738
100003480619888
100003250856049
100004585292033
100002949559763
100001828973046
1441563468
100001439177804
100001396824483
100003154356711
1195916508
1248672395
1063698936
1026856908
1628810798
100001083138615
100002359643068
100000487068196
1171894970
1229896817
100002713548624
100000084958144
1238912673
1639812914
548765727
100000928711427
1281721239
1522524495
100003839490788
532664270
100000520286274
1428647357
100000710798590
100003316566834
1331634204
100000302595562
100000011372941
1207015858
57313552308
1396712629
100002216142857
100000104035320
100003753251869
5259198
1725117862
583444277
100003506399111
1288626065
1246542498
100001560956825
1595952978
100000469923908
100003096958774
528077116
100003914003720
100004564411171
100001292127005
1337987428
1494632175
100005079733632
633840385
100004999895185
1298124044
1217578420
1449288293
100000441006987
100002829826572
545242603
100003274608510
100000084321879
683122523
100000398710219
100001223262188
100001329503748
1541859043
100001735076451
100001130042540
100000089160894
1028210605
771399834
100000748765019
100002492404518
100000405944663
100001970995767
100000739994022
768793874
1234131743
1529979860
100001831868475
100001447570594
100002977278850
100002241579338
1340391895
1024190614
100003285212865
100002060536623
100003602402140
100001216518179
1428785975
100002609778803
100000068824167
100001884232074
632324689
1386867449
700429059
1025941913
100000788757236
100004987811505
100000736007123
100001488075534
653559747
1630967565
100003090114160
100000621987212
1662800710
100001134966317
1535139606
100002895241186
100002546845706
100002121516213
1414514819
1287150214
100000446679308
100002481904050
1307585107
1660811253
1366521381
1134938143
1777345885
100000476361627
100002629992442
638649014
1637182665
100001843792175
100003209751928
100001180378310
1265820742
201409965
655886980
100001709911412
1748847243
557557134
100001273818732
100000091202294
100001888947016
1583870335
1107237042
1825754022
1453912525
1502975254
519870491
585497198135969
100000573997381
1138582012
100000365646456
539874535
100002131309230
100002910592972
1466041116
1227157363
1277096972
100005678586370
100000686019222
100002645427409
100001182767574
100004429061276
100000592162590
100002151987226
100001713833413
1659155896
1255628987
100003480770603
100000192923348
100003510736984
100002858270425
100004675060822
100003336280233
100001053038228
100003803088502
100000879124644
23209684
1010208373
1847950043
1389675497
1390448505
100000281983751
1020940263
1599146068
1010978111
100000189365701
100004727168388
100001942726161
1304246519
1083534824
100000807543006
1073340720
1290122667
758733876
597565809
100000596265904
1563495926
100003609854749
100001091177802
100000708826193
100003329831636
100003134281403
1305626095
1148300041
100001201506190
1433672988
1790386437
503756453
1367592032
100002246047903
1518336230
100001957506484
1176342938
100002834446265
1727803078
100000773756765
1334678188
100000842203623
1506483657
100003460220731
1626251313
100002102164866
1523116662
100000264115338
1282400873
1411670747
100000328203085
1404559295
100000464395677
1274460054
100000455104252
1358665825
1377610351
1368971687
100001350665379
100000100651032
100000429782029
100000536003696
1815497619
100001592868362
100000076827128
1205277649
100000168628481
1377939553
100002168947154
1530821880
1033994959
100001632126052
100000425613952
100002167272184
100001859172644
100000421268809
1789223956
100000046819030
100004240202045
1335220949
100004893755307
100004725032845
100002914143343
596252555
100000087590589
527180624
100001033423890
1665702344
100001356098485
1217864380
100001618511987
100002698580565
100000707424114
100001836913183
1094706805
1515294122
781020149
100000054711725
100000075407242
1450373701
100000109870138
100001434105844
100001879805819
100004013651517
1279434538
675874056
100003783206600
100005208583326
100000417921945
1177282268
100001283597350
100004259409939
100002137288243
1210724679
1595529646
1027667927
100001292315263
100000641931654
100004665071419
100002160482352
100000154020225
100005123289718
100000289517249
1223732966
1527168060
100000073195287
100001063854585
1272071709
1062163842
100001059618791
100005234915852
100000533972570
849380242
100003956778510
100002061571069
1256204733
1120360103
100000108595817
100002737507647
1134062974
1230638312
851535246
100001726771333
1363112695
1049490360
1010138328
100000809793011
680339887
100000232221931
100000304442816
100000891458874
1013415391
100001142275651
575371616
1564134131
1025482206
1614836890
100001943300531
100000298425779
505883341
100002399512913
100000720882786
1250719398
1636338932
662224334
100002851625592
100000970877921
1458203676
100000351529802
1555280556
1254049129
582197869
100002826166314
507617730
1375885694
100000295605486
100004078602682
100000401985292
100001879143632
1307177459
100003523138048
1683272921
1543531194
100003571861736
100003087110671
100000519688377
100003652458943
100001664092696
100003019208397
1387751858
100000881589456
100000748519338
1425639149
583508962
1322473843
1833255919
100004023083182
100005149513658
1631384257
100003001512202
100002239623728
100002987950049
100002267193686
1169032306
100002951545718
1667042512
100001391140431
100001113944168
100003770902593
794185623
656576660
775229054
100003045080005
100000663872307
1246257231
100003068102033
100003280103552
1310516153
100000178655735
1317391454
1583700096
1130557600
583905126
100004358737948
100000629767316
1164009528
100000230485623
100001823905567
100003899404924
1605161534
100002850535523
100002576410798
708792679
100003595691942
100000029625389
1625112184
1001621625
1125225379
100000158232421
1234147682
100000740980130
1840468718
100003276172070
1584517365
29415238
100000226297386
1837043830
100002168375500
1839877371
100002781997394
726918011
100004680430963
100000233737319
100000014644231
100002305782685
100001781327657
100000689229861
693581638
100000166027100
1772420311
1447556885
100003532918920
100000619910600
100003244975493
1501095203
100000172141735
100001084795898
1300983761
100000916420572
842134291
1003741715
1745964316
100003138462675
100002280364184
100001918761109
515762130
1027343494
100002330624780
100000215431455
100001237938805
100001461864424
100001727280338
100005714345984
100005281934243
100000295070180
1701294579
1551863151
100000944785851
1063719212
100000443581354
1576879440
1318332449
100001646993098
100000628555604
1230974735
677203730
100003331027633
1556393477
1167284387
100001433884872
100001594635329
100001071918291
1548562793
1835851994
714438926
100004842281464
100000636881471
100001478787961
1159845806
100002522988571
100004649765328
100001772821526
741563795
1351008496
100001273770322
100000935000986
100004453892209
100001478173327
100002940136428
1414244231
100000621726432
100003580883201
100001591982111
1330338863
100003460073958
743422678
100001611721088
100000209214327
100000766176093
678526356
1566163757
100001629039362
1392369890
578663478
1376354873
100002523396048
100001901158817
100004148102321
100000629761349
1478732596
100002892380935
100002483697954
1156090274
100000622184960
100000755975233
1005493645
551425032
100000222234589
100000017553436
100002720748450
100004417807957
1411425987
100000410077313
100000913060876
100004228089767
1833670136
756634506
100000065732421
100001940091561
100000932162139
1512336610
100001095273081
1422038522
100005343103279
100003128665086
100002760259614
1666861050
100003090440656
100000743313460
100000345663280
1559223282
1249141206
100002170995731
1246943512
1450223766
100000169801958
1415692301
100001883271296
100006422974838
100001678437976
1041997581
688776799
100001437643357
100002974401663
1566344887
743219064
100003848032274
100001433948309
100001051976758
1621211662
100000293732713
100003215907988
100001446617447
100002369857844
100002460835249
100002601187472
100000451382993
615282262
1429461565
689325618
1559966556
1795752788
100003033861095
100001607229866
601598938
100003396373441
1710635018
1207535434
100001078594594
100000353145598
100001495077924
1468247735
100000279829329
100001426275417
1504140043
71302737
1253574884
100002747700934
585385210
100002050012560
100002755788411
1273178569
100004383395347
100003319791907
1126975375
100000520621519
1145483891
100003692836578
707769336
100000166732422
1330093227
1059750162
100001124751703
1523457277
1432382004
1535169606
1100748633
552040044
1827482731
1159495338
1091191858
100003111182344
100002965602368
100001821475778
100002417731445
100000019120103
1010402728
1608256758
616219063
100001491104220
1480395831
100002245481981
1365777299
100001509339749
100000531310909
100002512903743
1298683411
100000054694735
525043698
1800500
1629352905
1362625705
100002782732751
100004976288199
100000066976511
100004121912576
1333179558
1570335720
100001705035136
100003324744500
100003726535682
100000658445062
1489449296
1427683388
100001858804364
100001081865475
100000868008668
100002895985339
1571984821
1209686651
505751552
100003469685471
1161671438
100000054836517
6100603
1034841454
100000329008264
1100142212
100004446602136
1501183952
100000742075938
100001673756250
1551591078
100000675174473
100000459378737
100002492332480
100000264630449
640135546
100002998570922
100000795224477
100003837827227
100001572113617
100001231803741
100002002728360
100001726615475
100003590211794
1098932138
1426423274
100000093918113
100002906407612
100002102437638
100000404951707
100002576004486
709742815
1417807076
100004098532895
100003695769748
1154092257
1162226749
100003622883042
728563404
100000478250809
100003468865716
1070280625
1434424811
1655281809
100003207154958
100001714922549
100003488451113
1559590674
100004088450103
43302521
7028272
1116318611
1064850222
100001989242400
100003282521598
100000439541644
100003155078572
1138702426
1174414315
100001870288419
1029908632
1071079014
100003341711997
100001259727773
100000883832333
1588089033
100000405200972
1151867878
507717570
1764799800
1671357334
1417650844
100000388161264
100003809267610
1200004429
100002419904281
1550877500
1811465930
100001797610665
714082779
1680425049
100001680161182
100000214880496
100001081803373
1454981672
730415796
1463367483
100003006711979
100002039343019
100000054259367
100004945176762
712250659
510810551
1197951216
1849250542
100001170054608
100001959309883
532162274
100001746142886
100002343559449
1497581131
798688432
1350680965
100004682401147
588673906
100003043394805
100002410391385
100001569414171
1209088262
1058314143
100005442784732
100002112558049
100000721551853
100004519634387
1216194179
640509180
1010464287
736766741
100002845544269
100002966686189
100004081611555
1045611041
100004168393208
100003604167503
100000730901945
100000267677471
100005710964077
100000093297538
100000552889317
100003162496928
1170922342
1141886947
1517989409
1003449656
100002462099175
100000512195249
100001954914880
100002983414513
100001120189095
100002590801061
100001389812745
1085742148
1062933852
1432744943
100000096563041
100002506103399
100000807577460
100001543934428
1646674110
100002516603176
100000724665284
719990614
100001449673358
100005144892021
100001284265422
100005511006135
100000055230750
1355345832
100002168730034
1013802254
1542441554
1077351711
100000462663619
1410545027
1542738351
1574597381
100002953209728
545331904
100001401807745
1549115092
588015946
100003171988051
100003950750574
100002552956415
100004236939717
1101578269
50504880
100002258108110
1243530458
212600502
1532981737
100000798741376
1251422656
100002257449409
100003025314830
100002123880244
100000873657070
570774443
100002452916609
1310117551
100000095718343
100000531024453
100002462442592
100003189325488
1520570284
100002102436358
770275286
100001658503227
100002622908242
1107856385
23330574
100000259294105
100002184879312
1014235096
100000853918899
100000684339608
100001714474914
726108743
1145575885
100001289607702
767475284
100002047167211
1514626071
100002171482779
1127149174
1301106985
100000520701075
1020557013
100004196380680
1581820994
1201391622
100003341209813
100000179252228
593194840
100000082268164
100000116115209
100002663151714
100001632530201
100000021016532
824563138
575539267
100004461425398
528828878
100001032748531
100004990330197
100000648851639
1321805336
1796148077
100002225973146
100000772100157
1764999533
100000981621286
1765094842
100000000524440
100001477251601
100001730562697
100002950804535
100000892328852
1754312329
100002987438414
100003300755624
100000364764606
100002175392426
1619565859
1659483536
100002647369284
1064512252
718183079
1301574628
1357357362
1305157115
1329546730
100000140595963
1365853020
100003047514934
100004370407468
1770118404
100000493553115
100002362023467
100000333360506
1234310601
100000508175123
1297475330
1322520427
100002402474102
1380401654
1024970147
1225694117
790878374
1298906341
1673347938
1639295842
100001895973771
648661871
1542162022
100000985550182
1434006973
100000540162796
100000533644800
100003523981708
1721542024
100000665183275
100003398791734
100003649222007
100000494325019
685928244
1316465246
100000453146179
100000198992692
602851123069219
100001130704950
100002302231655
1518008444
100004953097335
100003758569763
717321565
535158955
663987338
740571971
100003302866094
100002061931410
1343485622
1481716822
100001240652661
100003683721873
100000780708580
669127050
1356736425
100002346550208
1173468051
100005343993782
100002310725256
100003995318821
1296236101
100000891141537
100000638298332
100002972466068
1217116832
1849729489
100003562716554
100003356529974
50314697
1676328152
100000290504706
1179985118
1784351467
100004003191377
1011967252
100002707052164
100000857487851
1837636713
100000086889261
100000850220594
593356747
1388254924
100000915806113
100002076568044
1108230064
100001201287138
1671163553
100002111561134
100000943097886
100000658845167
1661043356
100001462208756
589342241
692561185
691722354
630755903
1329121807
100002734710043
100003773594403
1435362189
100000428573118
100003250780212
100000540132071
100003610435234
100001476255365
100000155104386
100001077381716
100000118449178
100000476124488
100000563894419
1261052221
1609155174
100004611670436
100000183517038
1161859694
1194389004
100003847651958
1503377656
1276870644
100001052806941
100000748963566
100003281373914
667236257
1243053633
100000498604009
1424078696
1629176114
100001075225538
1814561313
1707692178
100002379242172
100003559420408
1290731668
1190859979
1537964886
735571815
1414427162
100000538438628
100001725210164
1081877497
1274529300
1105336706
1526890245
1035086901
100003695676369
1750050559
1166606145
1559692089
100001974482347
100000206095659
100000195127093
735092033
1058538352
100003768426493
100001499964792
100002156597312
1557441112
100006256958342
1180058506
100002150503635
100003151082528
100001766958103
100002793099742
1178821927
100001045352975
100003342274999
100000066424774
12320941
1166847611
1350677520
100000542083878
1520002590
514786636
100001539247701
100002455330035
100000335613576
1011729764
781308012
100001330936434
100003362328639
760855095
100000180923921
1363322654
723316311
100000214663732
100003355126005
100000461423306
100003259248491
100000143160995
761848890
1340264079
1372840648
100001647118824
700994628
100000037193127
100000671804850
100000947033587
1690053099
100000867844930
1445741721
100004542033795
1032454824
1526044945
100000213649589
100000752089791
100002165407220
1663777736
100005456614298
100000527107289
100002339768303
1460084161
748692592
100002291744270
100000463044999
100002486197352
605798890
100002194877423
100003495358885
100004589923145
100001364311748
100003497095053
1627249456
100001186647369
1584215974
100000126008273
100003949088277
100000877820376
1506189155
100001171905097
1268000341
100000748933283
100003919372161
688372757
100003092753644
1474421929
100003394642169
1339436446
1123234090
100002406913823
279180525491398
1342652406
100001335933586
100001605904775
1510308672
100001940672027
100001347313335
1073730892
100000595462390
1647954233
680351063
100001519842089
1746958228
100000311747815
100001498017561
100000767862313
734121083
100002559607566
100002653654843
100000119768001
682409129
759780818
100001784322546
100004158941192
711490991
100003929507747
530463541
1422320690
100000582474928
1608662936
100000659615828
1435369861
100001188861477
828707439
1463724459
100001176837194
100003626067174
100001529564735
1047101883
585222614
1008553676
100004391560200
1346340797
100001111298538
100001724302705
1401631703
100005601612230
837902490
100000644524077
100003011871480
100003204159648
1088765363
100001547785311
100003889354371
652087628
100000460017193
1287001131
1000039725
1054076948
100002633824023
100000155104081
100000596061690
100001928377600
100000459633892
100003121836364
1159759220
100001347391349
100004000526129
100005545175475
602030201
1672223153
1301933757
1409327235
1188880236
100000803124121
100004634106557
100000963654724
100002450924197
100000284730988
1277064587
100000711746357
100001524970019
1471392646
1447820761
804544171
100001298028689
100002956773038
593713019
100000169557069
1763890447
100000188361565
100002830757864
100002918202401
1423220939
1379506128
100003264457380
100000467587252
1435961753
1032402950
100001837288631
100000019715920
100000079868518
100000422874378
1308057939
1213467184
100005084493937
100006292512888
1400403724
1542650362
100000707619330
839002140
759087918
100000654776567
1320428479
100003647268247
100004057568629
100000289614079
100001066367745
100002441523247
100002360608357
627628596
100004321692311
517855751
531793654
100001652899168
1808791769
778506631
100000060393556
100000047385559
1705520868
100002441393295
553936152
100000930623716
1596535353
1471067254
1393346489
100001693699833
100004009996022
100002394507271
1139235700
1146220895
100000460085309
1371237896
1776439664
570678015
100000268994050
1264028550
1642699138
100001476408710
100000542980759
100004106400001
100001460633015
1642433724
100000448568398
674118312
1229513783
100000863260982
712037268
100003477964024
100000762926306
1415881211
100002572826933
1577595348
1327327901
100001895121219
59900038
1196171678
1326601530
100000528554909
100001106301461
100001372492594
100000664193000
100003380621435
1375114409
100001127498945
1187746943
100000387292069
1647276791
100003792325274
1583418850
1416144433
100002599821193
100002901372811
100003645785760
100001665990347
100000170724910
100004395404191
667395494
100000194777674
1392349273
100001129749397
100001212670578
1198000778
1067421323
565018322
100000420522423
722916126
1473953215
100002829250423
1308791887
1159975785
628177670
100003027951268
1625601412
100000845208074
100001983199127
100002942626471
1047727222
1516670643
1243291858
100004272218262
100000287193044
100000520308168
100000744556255
100000581923943
100000551405201
100000185081519
506901138
100003785864824
614520366
100003618731457
1642187461
100003967378903
100003450831736
100000412003883
100002054628871
1399118558
1263494701
100000070703941
100003010518602
574947949
699495379
1505151827
1045872595
626840018
1436166339
100001833014365
100002512157800
100000597518060
100002314024109
1434638754
100000273047723
100000005704320
783603508
100002941753462
100002590684495
100000039673194
1831952295
649313565
790857365
100002449468365
1205656166
100000542527271
1594819357
100000598057571
100001935827096
1072076660
100002631785614
100001315565318
100002509192034
100005481523613
1464182720
100000888432419
100002063700597
1083983443
100000613555737
100000297515632
100000821391135
100003692754574
100000504154695
100001767591718
100002911274023
100000773339031
1811942163
100002476446308
585340308
1006520842
100000931793793
1537113595
100002494205041
1312921105
100002971017528
100002650765235
100004547670438
1322860810
1119268122
100000106185813
1155213468
1437096623
1009524737
1041787499
1600399324
100000248446980
1154951650
100004967168236
100000387291210
530611037
1371666993
813353458
100001590364750
1383065834
100001553846840
100003244061304
100005548262347
100004028800902
100003087889023
799604593
100000040954581
100003975734300
100000042738794
701134708
1787047528
100000019064482
100000488335012
744276063
513416199
100004315410025
1685150868
100001844262033
1581682599
1679223709
100000915790446
1175557690
548909635
100001512621330
100001450786295
100000600996201
626835508
100001565645264
100000695775004
583430888
100000524023927
100003199145960
1426166716
1444511225
1565373295
100000380413367
100001715862603
1356752114
100000168136338
100001528667407
100004294140575
100001581862951
1048269535
100000190772785
100000024107570
1435615354
100001227949681
1541802790
1000156198
100000094684011
795434169
100000775815173
1528203943
100000785813668
100004088994011
100002977210454
100001283675914
100002477326225
1545941844
631698816
1496869967
100001729645447
1447376821
1013591638
792204427
1140822657
100004492386390
100001015042400
100004213600478
1538112246
731843347
100000193674282
100001528214495
100000671472866
1660503226
100000446907166
100000141835312
100000742588227
100000204742273
522867253
100002954472633
100001041493365
679633380
100002126185199
1683972094
1491824653
1764420589
100000381173363
100002009255955
100003626466240
100001231008869
511809068
100003233281840
100002931635012
100001276563470
1333646174
1850782686
100001273962062
100000526915885
1218086486
100001722777121
100001708566467
100000219093007
1324208567
148844045180230
100000881111152
100002935360449
668271782
100001229210006
100002262144428
1609951597
732539884
100002584201833
100003921914568
1232798500
1070080511
1637930575
100000467605584
1586885120
1437475079
100003164989202
100000622056324
1281438702
1364179687
100003166020317
1793318999
1117103323
1397401121
100002282536190
1285389401
100002542542567
100000124896994
500662592
1141988848
100001718640898
1775216926
1158884366
1660158333
100005884773399
1616850061
100003490419747
1195600688
100000967847646
100003921544701
1304012861
100003244058748
100003625642914
100001558680201
100002892683860
100000938803447
100001395093372
100001528436687
1194079640
100002104516436
1310556581
100003565362927
100002095114520
1482001974
705252304
100003384183377
100003309873854
100003470034182
1279752907
100001599545330
708660384
100000061821609
100004255656824
11827403
100000109505179
100002996825852
1373891908
100005002362055
100003138773847
100003533690504
589509359
684660050
100000810160705
100000933533821
1026181715
100002176330922
1362428362
1036350620
100003044366839
525662405
100002184126362
100002480927818
1416447351
1385748996
100001318246221
100001249124894
1407983951
100003316276252
1508712587
1447735662
1590126451
100002374793963
856772277
100000314967906
100001423616566
100001981763052
1848505730
1684185283
1261842880
100001916123776
673957929
100003608350632
100001041378884
100002732740079
100002479274029
1667942848
100003627067434
1187089568
541872272
100002995975266
100004008111412
100000231873180
1252566283
100002949622475
100002153697879
1530347691
100001618124230
100003818275337
100002832516391
1248330689
100004873951057
100000400508308
100003404669082
100005121694402
1540848536
100001473355873
1691121775
1625516334
100000274767158
1408290701
100003512517075
100002839881908
100002852039097
100002058979364
100001572632915
1246223627
1613265431
100001432542324
100001395152313
1140438515
1466703065
1063910746
100000122598180
176588589051627
100001382596718
1488070997
533493822
100005989353249
100003670424605
100003180118914
100000310486128
1077399215
100000052125285
100000330268161
100003608891209
100000847532572
100003214217691
100000118365182
100000416617970
1417511616
100002754666785
100001035260174
100003248937173
100000277990625
1332798281
100000458207009
100003503229884
1605847730
1525124136
100001998166863
100002599006176
542459632
100002458053143
1109409865
100002077514560
502583158
100000105431242
713062705
100001456810879
100003620577939
100000614980963
1529940495
100003630785340
1022164590
100000011270868
644669563
568523402
100005630198964
1044496604
100001958565035
100001694814209
1419218660
100004996240232
1330715169
100003505282920
100000061032471
100000432455382
100004459450289
100000144949949
716240604
1458124077
730225536
100001039444711
100000772245829
100004017743986
100001694907219
661468773
100000251989543
100001161891442
1033728115
100002962131082
100004933363886
1533600874
1806860624
100003032503366
1641634001
1474236380
1075111093
432490313509713
659192410
1785598039
100000930758107
1061335784
100002954072896
100002140794946
1016317095
100003181291824
1075869057
1193378516
100002368514979
100003405271736
100000293716311
1155241482
1499749633
100003721982158
100002173532276
1125890905
100000678626996
1260734506
100001415710977
100003990494958
1178771649
100000166269938
100003686641924
797783485
1073268166
100001973352515
1367986431
1800694456
1061891358
100004144926085
1832845503
1452184328
1068912229
100002914646147
1344055041
100000587732033
100003610872861
100001716592882
1408302619
1243194169
521252694
1470782144
100002884163986
100001549115557
100004084674881
1559980929
1603253429
1683369533
100003738590556
100000168252104
1459748324
100000099776252
100001843290427
663125018
100002645841237
736306152
100001407549527
778567426
100000075833575
100002495437194
100002411736993
740760373
100003093738691
100003085189592
100005193426362
1233303070
100000738347101
100002532487834
1834133936
100002035264015
529747997
595004147
1229885555
1140866399
100003307887359
1092132263
1091799570
100000602606660
100004162567699
1833793436
100001965043703
1657782382
1546129203
100000125498562
100000937469063
100000233623758
1035276742
1076904660
1454981290
1377346182
100003347643790
100002070363793
100005031840259
100001639053001
100002950447721
1567546589
100001033476423
100002468170510
1301562786
100002663761197
100001102469024
571337924
100000449422408
100001034688955
551670159
659342857
100001345103680
723826441
1220077525
100000699112921
1614890012
100003945060082
1474891872
1308975790
100003546004470
100002957384130
100003383629114
100003031722617
1850681043
100001227608468
100000922123048
100002389326942
100003605492265
100003589228623
100001866035847
1643562711
100002631571706
100002551835426
100001032016411
100000630073739
1168181947
100002762808074
1492942877
544138273
100001375372465
100000745184145
1537704814
653291301
693374171
1072955903
100003277180628
1475693072
100001853365034
1359505434
100000259800596
100001587983321
811459
1439266191
100000604773846
100002453298148
100005661462898
1306610158
636833328
521433379
1219402817
100000699031046
100000254001132
1156077548
1149619165
1142188478
1020912505
100000120026691
527911134
1553260600
1384661983
1390389401
510999179
712514761
1333635784
1591471426
100002421031394
100002486487205
100000189619285
100003242926697
100000221265317
100001303496477
100000701104507
1491152830
100000154569311
100001905041510
100001490092679
503185667
100002953765080
1296508604
100000341115996
100001476347922
100001337310989
100001272587735
100000363270368
536753498
1381361257
1331586593
1232744555
1532284680
100003526377011
100001560853863
100000272472505
1375478559
100000786603780
1380130692
100001924750500
1127228027
100001654361477
1471984444
100002094473952
100000209998242
100000151986025
100000610084847
1354530841
1707571290
1179064568
545391256
100003674740260
100002791196361
1454553393
100001372027727
1825369897
1226015654
100000996282883
1560033375
100000187141435
100000502716531
1381937531
1794309280
669371561
100001062020653
501362842
100002300124416
100003810996759
1266433136
1834220368
100000167926149
1715289405
1009787012
100000095704346
600456523
1052523514
1291668072
100000609120312
100005164026250
1647004882
1033484390
732211881
1151263539
100000312821190
100003305716321
100003737655253
100000330705400
100001656306812
1654511101
1423002652
100003695611016
100000889065056
100000649562280
100001739705835
100004873260218
100000026815874
100001220480118
100000505614558
100001241078452
1301403659
100001521405898
1335051130
100004615779920
579922493
1368561556
100000075595834
547351963
100000450641547
1258422761
100001799847953
1295106858
1381601818
100005458840202
100002884751952
100000190148180
100001432367119
1331856913
100000179444647
511430388
100001546674754
1048391752
1571497988
1568811388
100001861523671
100000225115609
834020410
1177990355
1583444766
1462173785
100003289996601
1515610608
100001641286298
100002500379071
1589980747
100001272903041
100000962912635
100000723441479
1831507084
1435064014
512821640
100000943436712
1235828796
1122504502
100003179773350
1301182992
727727454
100002939845416
100001635909190
1815345065
100000254828734
1062632582
100000332505274
100000119162579
100003313432478
100000145578958
1679737631
635249275
100002945020739
1633668252
100000500740246
100001861403502
100000285896233
100003106367953
100003672146973
1437834416
100000377488556
1061023071
629334238
1439126545
100000194293847
1011885901
1596790644
828235821
100001291546024
100003591865824
1012415240
100005470628847
100000430154188
100000547912698
100000985468477
1608384411
100003464976613
100000586290637
1527878348
1751216214
707780806
100000078986904
1107444403
1332998428
100004918171196
513865686
100004592408049
100003143448317
100000890355013
100000557196944
1713145867
100003229784591
100001566818887
1574035516
100003126259508
100003544563959
1131648724
100000003138746
1230482268
1240270542
100001900970907
1324538590
100000555358659
100001055326929
100001243264056
100000057459832
671915177
1133593759
100000177253656
100001983353412
1841363187
100000368957690
100002730961209
100002921900538
100000015577301
100000812940255
716977748
1173250186
1349211387
100001433792449
100002276091176
671020582
784310126
1585606921
100000084562096
1167820714
100000184593814
100001830626264
100003304165918
1240406259
100003262481884
100000148357021
100005662623543
100004264298645
1643343435
1652940769
1288150625
1133649262
100002908993804
100001133578527
1815846292
100000471867059
100001697276220
100001007310541
1390174761
100003117470434
773129313
100006164171770
1478516612
100000781789785
100002819408825
100000131203718
100004947456587
100003366649381
1785733790
100001619786079
783669646
100002525932605
100006019504395
100000230936122
100000726555199
100002512201100
1647090307
100001475957365
1382927079
100000048085655
1586910926
1287024976
100001574785659
1833856457
1228999406
100001334607783
100001956565010
100000050842385
395609223882316
100001740611912
100003268267364
100002886403366
1111504236
100000635681346
100000047967346
100003202038961
100001764829234
100004076551995
100000734029152
100001830756536
1298827721
560044612
751785686
100005094093003
100000517980796
100003109573447
1288837577
1623232886
100001345879613
757589973
100000443953932
100000613833675
100001278118416
100001500883237
517391408
100001787371593
675779112
705415323
100000572262701
771696752
100000551042908
100002284275736
100003670178052
1575014868
100000352261286
100001745181773
1444414834
543401866
518223300
100000365177552
100002406259969
100000615317514
100000111310933
740595329
100000485732671
1202282090
1625673902
100001180239256
100002517626968
1817252568
100001190753918
100001050210441
1053649330
1667166851
1640636178
100003673507470
100004088660471
1658990166
748996946
695157764
100000908140395
100000197747723
100003069534199
100000504262522
100002045726409
100001687868956
1208791124
1594429855
100001300254260
802954490
100001557121157
1500685191
100000544216541
100001924878993
100002293421659
100000869122039
565355021
1221068941
100000138020429
100000121343742
1727310188
1108995068
100001185777561
1255361659
581209007
100002037520847
1252356809
1171907688
1518663759
100003224529901
1116336738
100002035403892
711333718
1616893152
100000351504374
100001861251650
100003242315111
100001594190427
100003216904461
682116260
100000331075802
528498678
1572980526
1483212852
1456320578
100001997381015
639383688
100003196075571
100003219372307
1548105765
1263979173
100002162247318
1676251553
595352847
100002626671122
591259873
100003067748193
100000540220363
1266734779
1108478017
100002324745981
100001176004897
1783069800
100002977965128
775294442
100003672099134
100001275647463
100000527011270
100002255414081
100005303345763
100001463131566
1572047243
100001125583955
1455486350
100001272020576
100003004922416
1674937918
1304817413
666571578
100003066397276
1037617232
100001283136124
1837870924
100000484110295
1149118041
100005656294540
100000734467785
100001562481944
1077454103
100000869150453
100002556880607
1178396682
582000005162843
1212092638
583254849
1731257428
646714823
1325770402
100000216920338
100001227083429
100002647473830
1499764387
805079501
1196182440
100003472160185
100002096102315
100003161973420
1654854954
100000687619484
100000298438610
1415261558
506726600
100001674824992
501127376
100002944907579
100000725467150
795122165
1760078470
1412065976
1504250951
1027707738
1232674986
100001223140673
100001790034482
1340635160
100002724435390
100004348662409
100003843488109
1288737284
100001443741990
100000180213594
100001747031834
100000086394324
1444770650
772333956
1390993078
1430980740
100002789959624
1365801263
100002411730697
607177620
100000267141927
100001456753563
1765380738
100002077001183
1336014885
1123884275
1731593393
100002942167392
1283296880
1236942033
1127455975
1029147152
1623890117
100002972011003
100001775011797
100001779831812
100000271747646
100002012316236
1350080322
517626190
100000222151556
100000218402326
100003548023756
1168443367
1075877290
1585205043
100001902866847
100002210514315
630950742
100000472438594
100003112608112
1602891052
1181552985
1144824986
100005094302878
100000497360174
1396721423
100003802849672
1818171360
100005155804340
112054802338218
100000025354929
1527251221
100003144958033
1534143538
1528583175
100002832638377
532270653
1193070785
100000116496465
100000513505992
100000167952722
1149680400
100000348911398
1778968527
100000451833327
1470556643
100000014431877
100003365107922
777216111
1381917301
100001353120080
1577102924
100004050654652
100000532202424
100001803673162
1435674589
1674382216
100001567203717
100002195134213
100002068051020
1059385528
100000962082972
100003570871751
100001042927324
1474294067
1679790218
100001090926077
100002354827554
100000009357863
1727473885
1593035723
1352751018
100000585682191
100004617551160
1848843044
1177973966
1132080683
1847267259
100004451793683
100002849297532
100003920349310
100000406474039
100000510211694
100001888874757
100003142182384
100000289302801
578373153
527046451
1709155966
1013238310
1180564692
1112021042
1558135092
100001270434907
100004987952139
1343212767
100002347053841
100003931653996
1549206647
1386256285
100001580888786
100003712475456
1155060144
100002294234998
100000488137813
1082329522
1246377117
1566065489
1099106220
1485265707
100000219439595
1448496734
100001278844627
623020273
100002587906055
1581704389
1391539215
100001724822650
100000490628883
100001483513645
526176389
1115471348
100002040259424
100000382770668
1477782754
100000053188338
1210357742
515185713
203000774
1057403695
1154604029
1439210301
100002197383349
100003502926929
100002778747355
100001171096630
100001558389223
1710046071
100002776937195
100002809362922
100001318848078
605167479
100000660534368
100000943268439
1658752010
100002792173853
686525151
100004050383120
100001710893096
100000886561443
100000520336672
100003398082465
677356000
100000148734631
100003197874096
1467342458
100003599847543
100003067259213
100000415296939
512263941
100003216845977
708687449
1257521398
100002680595748
100000122127778
100002239652246
100000633101542
1544453832
100003329476366
100000582955834
146022732162762
100001411124194
1521573766
100002289700968
100001091212498
1354009499
100000706271570
100000566030774
100000561004955
548691466
1200211449
100002384466866
1660524343
100000631334307
694197376
669265446
100001230970772
604067880
658918542
100003155280382
100000442103474
100001012758005
1074671827
1119277069
100001333225626
100000124284581
74502679
100002586850743
1795410298
100002903446039
1679641223
100004328500038
100001187324999
1811601179
774664518
600124051
1655465456
100003582142201
1115434020
100000955298253
528195954
1399747280
100002607866828
100001339595227
1158970839
100000697706201
635607708
100001341054873
100000393131728
1519677274
100002673355431
100000650713414
571367878
100000837067623
1671320448
100001910508430
100005301093570
100001143596705
100003856508739
1124095975
636825683
100002294230611
1134704633
100001938932474
100000101451934
1625211521
100001524262415
100002294502269
1774552119
1054030880
1340266995
100000093669542
100000299524641
100001456954773
100003375940669
1665245956
1337255868
100002895003927
100004882509995
100002068490849
1448302470
100000867733880
100002512956324
100002430228125
100003053109648
100002990110896
100000029315337
100002582899000
100003232537333
100001135204950
100000406755407
1568804787
100002148893305
1093550261
1291735650
1003617110
100002766200164
100000363347704
100000736227676
1021004382
736185294
100001455112023
100001431741251
100000720221953
1621113764
100000628249313
721347273
100000017674523
100001467975847
100003476927912
100002917174561
1847684527
1508975003
1261770834
1127801675
100003389139297
1412472042
100002109272730
100002097830370
577194599
100001954609487
728967728
100002581436498
100001645597795
100000269811822
1020945620
1081200038
100003132079580
100001960034214
100002697914767
100001083998223
1058597135
100003267286897
100001738965331
100000857138621
100003753075650
1464814439
100001280455790
1122136108
100003033776917
100000045805063
100000357051561
100000922292842
1602386536
100001871135879
100000224408863
100000178952459
100002798333442
526386514
100001519974053
100002980540957
524914324
1543948056
1393323584
100001934223721
100001256357785
100004355199273
100000945540162
1462991696
1647637111
1320766413
1636030791
100003218511194
100005552614048
100000147345405
100000440637635
100000621028008
100001558230812
1588595481
709409868
100002044465061
100000132519608
100002008652593
1735149916
1009544850
100002216763505
100002564787651
100000556771196
1538363273
1189183197
826774493
100001260453959
726240159
1057393633
1415801144
100003206671219
1845038856
1834092206
100002947809398
100004024479681
1427273508
100002181447817
100004066071884
100000556436479
100003739026587
100003271903945
1631594993
1035981435
873405701
500641962
100000050082202
100000951938155
1335556677
100001421511141
100003760768175
100000666391064
100001186024011
1423110304
17123826
100002396749288
100001383013551
606032261
100000474103175
100003792318722
17223345
1079317725
100001080436874
100004838854619
520669549
100001825155212
100000157983574
100000040659589
100000803930699
100000267683516
1135397624
1426702678
1006254518
100001147878472
100005782570131
1530678719
659913101
1597334277
100000134483485
100002923225810
100001191068776
100000517724877
100000233002357
100003896770985
100000174576079
1267508418
100002952430822
653585933
100000326131951
100003317301875
1004140037
100000544148682
1433486163
100001147176781
100001283506269
100004013466408
1517563692
100003264349163
100001163300475
100000400923836
1547299382
856944453
100001936406769
100002278920418
100001876525244
100003610767052
100001199130964
100000770444256
1210464807
100000476149196
100002972538747
100000501357909
100004152134626
1322916008
100000975833628
1470861296
1433829733
1552782700
100003285927514
100000352731269
1215529132
100003157827507
1829807572
100000677111651
100001939500236
100001970107815
100001304645746
100000378501181
1185763077
100003830107150
100001290979228
100000468778006
100000622653501
100003948725203
1112257814
100003101226608
1642143352
1365405795
100001589846308
100000070288509
1093896600
100001197415189
661052725
100000196323841
100002564494556
100000800144304
591595073
100001043433193
1742405562
100002947417539
100000014057544
100004471262684
755444105
100002510253561
100000916626270
100000671650058
1335049257
100000238631799
1471323571
1567036751
100001932325984
100001988250203
100000118097702
100000036129971
100001057894938
504183039
100001188407481
100001440800146
100001470437147
100000906340571
100000214567781
100002238662517
100003254160236
100002735508088
100000276293911
100001224853617
100003585834646
100001400704755
100001385735397
1045986029
100003618017463
100001183164158
100001902953202
100000862341073
100001502641828
100000652423648
100000876297078
1257635262
100001802945608
553947989
100002837567495
1455319916
100001190494711
100000775315384
1107874442
1165532891
100000852428891
1329280735
100000334151152
1056713128
705782072
100000508293067
100001837304044
100003210254886
100001531686347
570781956
100002892957914
1290021830
8845298
1091850427
100000580098796
818245100
100002592819828
100004599423335
100002847293663
1206113210
100003743209808
1474717866
100001703734854
1285500772
100001761934536
1062177630
1653911110
1423726987
