1127673608
594467838
100003377749273
100000421253406
100005863660825
100000853912753
100005843850151
1169983937
100002994950094
1250956216
100002507170415
100000403123121
1234782440
100005566773832
100002505822064
100001367792615
100002512198070
1834028099
201969606490979
1286188730
100001309648308
1706952734
100000288478008
100000674869426
713195757
1506422121
1291013150
100002551273090
1485160962
1402152066
1674375279
1546154444
1180997565
100000464162039
100003390485448
100000579842390
1406890466
100001543003942
100001069600434
1639874200
100002454823011
100003779979058
1761830081
100000368876811
100001769407965
1214845640
100002139381631
100002741084893
100002548413715
100000746733312
738898391
100001994998766
100004539251615
679215325
1180638985
100001119253416
100001285054085
1514583772
100005075800374
1141514945
100000733935101
1385655878
1690382439
100000580026086
1665324450
1316067541
100002890653459
100002319885369
1693600839
1141658643
100002429555853
32817576
100000979883394
1540205954
100000270374409
697993427
100002623925898
100001694180752
100003406871945
1793406617
100000123532206
1197873740
1825168024
100002196919032
1068288700
100001558238821
624630077
1838705542
1168558560
100000360521068
1055563030
100002489440288
1800022899
849100598
1380881910
100001430117384
100001254720755
100000789481123
100000798376191
100001087923638
100001685427662
100002081196189
100005342171444
111084672261176
100004414572446
100000531352454
100002940550334
701805071
100002779374170
1498778990
1200484362
100001138492290
1203650766
1633594021
2232157
1310423021
100002453245343
507595688
1422981861
1046901602
100001994960537
100000057304497
664565850
100003042331763
1093057435
100000134848146
1456571107
1234231266
100002564596233
100001391816879
100002643722565
1259958653
100001278968531
1646618460
100000919377368
100000229632296
1741380062
100000174984514
100000203038651
100000077083255
720459387
100002913093485
100002286060289
100001239662683
100004944188465
1283704403
100000984335802
539290174
1588302068
1214203957
100000978346904
1337881897
1356134006
100003600849278
725947838
100000405358913
1118787568
100000696961834
100004792830155
100000552955649
100005379602033
100000015156280
100003939366751
100001552301891
840893544
100001962794775
100002531340290
100001134415968
100004589233453
554423782
1088336435
100002308811452
100000070813960
100002268802637
100000885215192
100000119068030
1390297627
1403752064
100000401027523
1481570859
1601284265
1717750324
100000191575020
536464344
100000330706790
749780390
100001554597515
100001199488333
1477260234
100005364789166
1391535067
1123945783
1538434316
676226132
100000726383599
1770442827
100002961183175
661393473
100000003300449
100000149929097
100002623561913
100000616280061
1591416820
100002125942410
100002696821551
1624450246
1374256458
100001949952372
100000472735426
1239945357
100001519140088
541135563
100000921109326
100002419516765
100001249452154
100001513659169
1668806705
100000783877582
100001498825674
1370229423
1305191895
100004191997559
100000517215777
100001096256312
100000282099441
100002377123133
100000260812378
100000893560371
100001738961314
100004783084211
100000611482889
100003161845028
505758801
100003018934384
1391272497
100000120141884
1809287359
722197033
100001667457675
100000420313899
100002970319335
668061863
1673787133
534902807
1681609927
100003826251060
100005173832454
520431410
100000614032188
100000837759639
100004366539730
100000003296295
100002673829600
1468424417
100000032273182
100000858191688
100000554733587
514566856
100000879628286
100000700099432
100000064307132
100002135765421
100001758537315
1513549586
100000981016874
100000713950439
100000825321215
100001878649937
100000079348492
100001816360966
100000279945378
100000978799413
1437290099
501649367
1263497910
650215297
100001710399880
100001428327622
100001954005099
100000610372250
100000673821790
100001799334000
100000713247380
1220837478
100002344875374
100002647350868
696160945
1322629315
100000913944637
100002360808575
1469106825
1590840426
100000503648789
100001653574297
100001895340596
100001790142842
100000029263851
100002274008146
100002603233634
1482275095
710848294
100000931472483
100000765301022
1536514435
545430451
672681176
1638337917
100000502391618
1354095236
100005619001350
1790576686
1166961867
699302130
100001314140879
100001046504494
1488940887
100000819934271
100000074636487
100000504278110
751519538
100000214387359
100004780747892
1545488898
100001402622640
100002574966486
100001483460942
693216763
1158326202
699206566
100000263931214
100002146253550
100003132683688
100002153515334
1152647900
1016511346
100004571888455
100000131716989
1237491353
100001869306605
100000083649531
100000685617534
1740306333
100002553791688
100000296895269
724621602
100000329368085
100001877218695
714173692
1250973032
1630718115
1261629581
1594086393
755564111
100000895037592
100001822419873
1309601997
1008766805
1357517280
1335756876
1433930709
1449161315
100002488017324
100000255040447
100000435113155
100003531276571
100002542652083
100002375792345
100000207555423
1519513386
100002618154964
100004343084519
1793223978
1333744871
735215349
100000591442263
100002397070728
100001650780218
1802373911
1614074051
100002615195694
100002309996592
100000394475440
100001278712421
100000800610655
100001070364997
100003558417094
100000499841953
1501069956
1261815842
100003923034060
100000134929017
100001758265848
1491800573
100004882775200
725403608
100000930559278
100000218193812
100001350627410
1686496992
100000745822043
1536401811
100000012061129
100002714769298
1507233705
1417477294
100001421721709
100002363831685
100002520467906
100002007843537
100000008364212
746900275
612287593
1697359894
1692561312
100000943930901
1432245176
1044864590
100000106654316
1570136208
100002175392426
543236749
1528719183
100001424799604
100000090049893
1500729673
100003118305340
100000126576955
100001031147828
100000999351246
100000863574596
100002417865691
100002173153543
100001030737447
100001378997137
100003124271815
1556424138
837689460
530351252
100000964897257
682642077
1251218889
100000565961799
629493711
100000667616685
1220653225
100000254641029
100000660030927
761294287
1390973538
100000024951189
100000116653069
100002206053590
100002185850277
579529553
100000522321480
100000979655402
100001851798943
100000371679838
506558714
1368418215
100001112003683
100002261007837
1503919145
100002361060225
100002923673107
100000518150379
100000692785085
1820268618
100000590304954
100001108092513
1383213685
1545158194
1572616562
100000093720180
100005090284612
1165670256
100001624594449
699299092
100000419229533
100001681839868
100001535445005
100000208396084
100000854016105
1519290943
1079394689
1106503418
1395662736
100000967128062
100001334771402
1516351528
100002504948488
819632043
1644152320
100001899800270
1229343665
100000107886799
100004373132180
590098336
100001810890410
1817047694
552036327
100000260538074
1001396076
668012034
100000601117865
100000648363922
100001945926527
100002003973542
100001777408731
1815909231
1352553260
100000707373718
1300844985
100000239995777
100000631107444
1228083832
63302847
100002008771797
100000598070478
100000364473024
1529692103
100002127072899
1293883917
100000544858241
1071247969
100000635214953
518718652
100000269970531
100003368761513
270786986273222
100004333750509
1439958468
1347686984
100001297101821
577533399
665600625
100003027513058
1481354380
100001047199247
100000008465544
100001833748944
1118689090
100002119573963
100000066262017
100001786834913
100003553525228
1358619095
100001042474807
100001654436258
100001133191079
100000047242388
100000272233800
100001284533105
1014451112
100001014040417
505408117
575408836
643750785
622946515
657534434
100000040517624
100003834268759
1612876864
1426912838
100003874219260
100001646821855
100000731587382
100001030530468
100003092294479
100001659595840
100005820092188
100001059352148
1035294357
100000570977033
100000803001210
1188812610
100000460601631
100002770134490
100000858610518
612384774
100000440212463
100004158217358
100002002343207
100001426023891
100002627365446
100001208079803
645854192
1744141313
143907428967198
100001048117707
100004679204511
100002365586522
100000061283393
100002732124009
100000327604249
100002017011261
1473730242
804544500
100004123961172
100001489688232
100001106059471
812983568
100000471962426
100001596397833
1123143909
100000406267774
100000704228317
1647860641
1398137641
100005561142811
100001591603950
100001100307315
100002356176525
100000237379444
1327001535
100005323873159
100002611674197
524723567
100003094487187
1066603791
100004155008813
100000371675320
100001783950806
1349637387
1811236487
100000629137160
1104716382
100001891474000
100004174800525
100000331056343
610626522
51809112
1359088871
100001999986139
1332398277
1269284494
100001381851534
570675489
100000019411285
1190491823
1298135764
100000732189513
1708162572
639355116
1608562403
149324298546206
100000242006766
100005673060217
100000250143067
100000018236178
1420338319
100000698394201
100004647940053
100000389763843
1521715322
100002957580988
100000478901901
100002513887045
100001530446865
100000973883639
115126765179505
100001972725341
1642155152
100002865137871
100000121859289
100000549624763
100000157762922
1073011950
100000673706483
1199012346
100000552687644
100000371940267
100000453927867
1152150502
1193740442
100000945388605
413962122014171
1330575840
1406371842
100004307648500
100003444808351
100005043870771
100002556152997
100000074927561
100005478150452
1121331312
234840453197361
182101132
1636417870
130351867004241
100000054611868
100002373097795
100004525291563
100000691551711
100000395558277
100000042465646
638837845
1593229549
100001475185341
100000909603910
100000177492288
100002761081234
100001232896482
100004720591023
1812263604
100002028643445
689518593
1102205597
100000618738205
100003356557822
100001357460515
1587798413
100003585865269
100002270611631
1072056300
1101645861
100000980449914
518208068
100000618127190
100001491104220
100000006160317
100000542756835
100002536825928
1805940154
536102127
100000506594091
1834299102
1160370823
568755322
730055490
1467310450
100000256753411
100001339275959
1396946966
100002073360991
100004319286527
100000252885073
1522184867
1168992966
100002681008064
1071967907
1774385074
1573826546
720669498
1032776544
100002606790347
100000065676061
1584350015
100002668085295
1217330813
100002276051476
100002403398125
1412013298
100001200660971
414552971951793
1170118069
100000475726929
100000469251905
1632815882
100002114006573
100000460261902
1376765600
100000316860073
1431992629
1550049991
1682696280
100001422946662
100000598335904
564624516
644446122
100000458048850
100001387333066
100001327057357
1277026746
100000853791924
100001046197740
100002277101746
100002142904478
100000268113112
100001898374232
1467934838
100000349594565
1722240601
1609359324
100000355622881
1200217579
535322471
40706040
1010263634
100001204395805
100002132476040
100001233921740
1258808830
100003276599121
1069796731
1602051147
100000642761499
100000864332546
775374517
21705703
201935726487217
100000919561711
100002342349881
100001990249070
1335300999
1166377774
100000791785379
1598923930
1189536649
100002548411897
761953462
1310947736
100001919979322
100002452802998
100002234614648
544879605
1138941823
100002226207553
100002128907865
181624998573062
100003857011479
100000518696815
100001131424176
1543137766
734461110
1673347938
1456244403
613755006
100001682151448
100000054441740
100001054509644
100001719115784
100000724030367
100000610111224
100000040054114
100000226102285
100004431789046
100001901810895
100000677834257
1327670552
100001201262647
100002917842089
581434124
100000437224289
733844000
100002688343387
100000087515515
100000034711484
100002405441655
100001092979241
100003643031932
100000105673484
1623115071
100003829150658
100004293727411
100003816032231
1270497367
1360998629
1423016457
100003039091578
100000084187134
1206354761
100000709680750
100001378504927
100000593362591
100000502118641
100002263674516
1215501929
100000640931900
100001572737172
100002241129539
1845875860
1023153003
100001609838863
1505873838
100000734708596
1577929695
100000096004048
100002106977434
100001336626046
100003493779516
1471967013
100000655167495
100000128550487
73430336360
100000143555610
100003059614318
100003359673951
1112139662
1353548783
100001917972724
100000491726900
1192847594
100001093456327
1635484302
100002492846958
263278650438347
1308435025
100002482227311
775749319
1065502887
100001517958274
1097571849
100001111821142
1504905165
100002917467618
1637090671
100000854756571
100001791451884
703114186
502160970
12904090
1201953123
100002187009483
100002345429146
1736987370
100000128263932
1259275363
503513136
100001669471283
1753103295
100002736151629
100000414499094
100002971768179
3616588
545738016
100003168362568
1476673521
100000684410685
100000573500059
100001463342496
100000049359673
100000769568968
42211286
100001887308495
102400189
100003543134147
100000905615412
1659234016
100001732487032
100000915546125
100000216137513
1543826579
100000555944885
1059045680
100001605761809
100001172407279
100000343201895
100002700922071
1576026493
1825116815
100000556361261
1657308918
586702624
100002782214241
1550466597
100003674907072
802819075
100000854872647
730438142
100000352257735
742032891
100000852904540
100001563731542
1313276088
1321104790
100000926670918
618740774
100000261224363
100001011275407
1343887489
1054838353
100002239394334
1156365626
1141704795
888830650
100001775366359
100000930587357
100006017773746
1626124034
100003119207951
100000634132583
1552039200
100005316934405
100001481443896
100000633852032
1403434080
1110396919
100000503650304
100003943990611
777927007
1074189084
1097572904
616886398
100002510870057
100002414825533
1301541027
100002583301728
1067712278
100000287965807
1354752165
390287207746166
100000473313962
100000598296247
1624356931
1672050605
133100269
100000015846690
1342586343
1008827722
1318126760
100002695725571
100001580693131
100000222958611
100000209790017
100000558246901
100000503782186
100001055878883
100002150987586
1044871155
1109561883
1408456340
1459183851
100000649928429
100002016496981
1787456487
1310073923
100000048991631
100004295594609
100001207431867
1784288208
100001175776923
1529113080
615988726
100000599484433
100000258527338
100000183305500
100001237874788
100000069340315
100002080029062
1532662544
100001111920705
100001177908201
100004980211222
100002293313321
100000281419139
100002226146680
567029816
1625483997
100001546918236
1403103501
1300092905
100000242656861
100001727059762
1497314131
100000371880609
689243463
100000275573293
100000881094784
100000295184859
1799447749
100000500979108
100001080072215
1536796462
100005072586737
100005244427137
100002595523010
100000831639934
100000652931982
100002419020925
1013068227
100002582954732
100000791031415
100000497003062
732721123
100002594707527
100000950366193
100003686320277
100000494280703
1651718708
100000143850346
100002211548430
100000979943510
100000566294986
100001494893200
1798748877
1786756633
1330329641
1175762141
100002950930516
1495478745
100004010056502
100003544084269
747473633
1221843498
1155331134
1564292492
100005718818761
100000969381792
100000430285709
100001713572882
100000418656971
1045475950
100000441171091
21900058
100000651363924
100001534046882
100000684248449
100000049765587
607027816
1458638890
100000428289201
100000617114418
1408302619
1669290525
1622830158
1502043552
544297685
100002652312585
100000535066251
100002410629195
1370014477
100000369466840
655541385
1751120249
100000199961541
100000599385308
1484011968
100003795918006
1312662561
1141568099
1662052217
100001105383569
100003184830312
100000502551358
100002259799726
100002604738348
1510539018
100000165730328
100000741107383
1474455586
1543522064
100002211891619
590192044
859465164
1365030027
100000847086323
100002210194580
100000631212852
100001448557750
100000003940517
100002321731602
1569925490
100001619887227
100001948030077
1415611836
100000506871120
1491596274
100000673916329
100002551530685
100001288273020
1266706420
703930370
100001817904859
100002967550974
100001711587847
700366874
100003848705760
100001282197175
100000905588342
100001603947683
100004227425921
100000606943830
1182275895
1512531520
100001086713816
100002124961275
733918815
1607311417
100000923844133
750483285
227496857280900
100000026530084
1847757323
100000300385537
100002174822441
590943219
100000759288428
1098535876
1821189487
100001317231928
100002635125777
100003128862679
100001013010078
100000597031413
100003871615890
100001763361365
1628538040
1279173831
100000307096044
100003016992427
100001503676771
60400171
100002821692194
657078202
100000430016712
100002675715204
1003268944
1267354044
100000928544374
100000225023557
100001022317011
1253511051
100003183454355
534522614
100002647779536
761323972
100001952273253
100003166535906
100000482545645
1425795053
100000852533109
100000226706051
536030913
680916262
755035292
1339763355
1667546304
100000729597202
100002337748380
100000427077219
100002521786453
1074797883
100000384359086
100000475075991
1340860123
100000385567201
100001152970795
100000684023812
1312388147
100000342547923
1608855547
100001475957365
627967812
100002655792508
1170197428
1142311523
100001023276898
100000544883977
735256099
100000595498061
100000824054347
100005094093003
100002418161304
619328011
1326028321
100002191803985
100001813959662
100004245931798
100001594224821
100002104238466
100002005822956
1244920755
100002848364181
100000705054742
1129204195
100000777715366
719013747
100000009990485
1813114062
100002509752461
1653879429
1282370447
1196520023
100000555106662
100000209399525
566627274
100003894578269
742973522
100001733004304
100003052941204
704901531
100003605841285
1612071417
4918644
503543615
1440649220
1779600127
100002070773803
100002467351574
100000516726439
1751899619
100001894051203
100000656401321
100002292603530
687435227
100001720188470
100004308191885
100001416758336
100004079796856
1511498402
100000674760926
100001177447393
100000430678030
1834758875
8209712
100001020589710
100000131577411
100000568254835
1714341232
100001545755951
566190365
100000754813261
100004312993495
100002870248337
100002726769631
100001649213997
100000938094521
1414862711
100001349273300
1522032404
100001230863211
100000008146244
100000270602994
81701788
1743177078
100005811845023
100000967115236
1135055352
1352493250
100004005503296
100002898154890
100000072648727
100000186722577
100001344212334
100001909197408
1450760166
100000113580481
1071677904
1494230334
100000280909037
100002281821140
100003566945175
605221668
1788581733
100003335890229
575826362
100003774986415
100001228224749
100002146590780
100000210467042
100000431420225
100000290089473
570845372
100002055019632
100000892827660
100000935000986
1402111934
100000029787974
1175705144
100005058193681
100000875892639
1536737798
100002197236489
1050326565
226497590758179
1345206894
1227489524
100000726324225
1580330359
100001033146792
636969552
100002483271585
100001941487685
100002321205073
100001057872919
1433910121
100000466934026
1617649129
100000749665244
1479634833
632127782
100000365453042
100000517088158
688846246
100001580072816
100000911438356
1763425519
100001982436611
100002471371836
100001344762105
479512915462452
100002164442328
100001548517455
100002759220048
1425318772
1598665503
1330225665
100001731349894
100003217657646
661065342
527046058
549530883
1110875177
1022966530
562267749
100002429421697
581267197
100004051479932
100001241226518
100000089783012
1547936503
1270307276
100002825306114
1404513603
100002254637650
100001569696771
100001283775598
856709695
555878996
168067533210058
1255216207
100003138025160
100000320045885
100002860246168
100004032082343
100000277531263
1400981493
100000621133898
1561851191
100001042039087
653801737
730508230
100002582469339
100000935126845
100004108920884
1485642537
1456665102
1267772757
1846262729
100000560731364
100000868766512
100000055205270
1638883229
100001515928744
100001217096423
1825534070
1850048085
76301625
100000576987106
1580893209
100000509884952
100001144694782
1378324591
100001768539264
100000108709022
100000815544017
713600262
1538690326
609459290
1176533766
100000151499129
100000828844204
100001270434907
1184817012
100000301423438
1551098031
100002655446468
100000677120772
100000107730442
1354548534
1482464980
400608703332280
1192975989
100005204082422
100000529436583
100000252697359
100000150561984
100000081782576
1172208635
1665611896
1170135929
1247859232
100000184064029
100001912948538
671461229
650662608
502743386
1134411001
100000099142748
100000624260507
100001112467021
100003589801427
100001772404425
100001119337650
100000982068094
100000353223147
100001135450608
100001031023129
1455071299
519240838
100000651757595
100004761551586
100002367959198
100001345207561
100003879896028
100002024186092
1686859889
655942897768002
1319505233
100001885890307
1789937058
292081994154331
561673507
1656151860
100000541471316
455396937803693
100001154823669
585501519
100005255765028
100003221592386
100002523274874
504221518
100001239774640
100000063570496
100000683643564
100000976219763
100001192742605
100000151951071
100001553825371
1523095881
100001025909013
100003279328935
1163960254
1702553342
100001635357713
652191518
100002931242490
100000301952505
100000319857045
1618031622
100005262943238
1415847760
1436793517
100000533658603
1502515339
100000095284280
100003497336443
100001696874162
100001101911722
100001450804018
100001023315454
100000942594409
210804366
1063303814
100002953014947
724736474
1147886692
1454124669
1392767435
100004658171701
100004486723331
329365823823824
100004961613574
100003935577098
1423387630
100000400280892
1694510701
100000657955599
100002299193865
100000858288851
100002278278244
100000138270383
1439946697
100000593244978
179249152129436
100000024815458
100000589571798
1636668715
527920075
1778541333
100001463838448
1212455938
1364658594
506500585
100000029762323
100003439393192
100002851791666
100000583973794
100001815708144
100000129632741
100000907539783
763660704
100001152087467
100002323073189
100000169864327
100002842707018
100000065432363
100001144211005
1320564423
100001887851572
100000085539847
100000081072843
100000680196374
100002966299933
748781943
1288936013
100000543911699
100000045830195
100000089984030
1686157721
100002484637676
100004754679617
100004073316764
1425511411
502748670
100003035351363
100003162786602
100000164815588
1792122868
1126262793
1200111538
1573995857
100001248594854
100003888837774
1692051310
855029818
100000314567743
100002895451873
1421427020
1508735804
100000436888423
1371045500
736906493
24402371
100002600188616
100000532791343
100002090606968
100001550386440
794317248
100002806454338
100000372362481
100002494668835
330050400425476
100000356006625
100000570492669
100002844168999
100000528422359
100000461137398
1357820921
100003303308391
668125830
100002191182018
1074761525
1023400924
100000175520332
100001765667439
100000061961329
100000130276566
1595205247
100001213453854
100000941948847
1415432777
100005131176772
1180340972
100005158740128
100000067987506
1669751835
1462148816
100001328844577
100000209236127
100000036642499
1026142575
1107608004
1605574747
587007817
675822023
1331589008
100000182907460
100000949261864
100000270724614
100001769774617
1523948977
100000163933680
100000102371888
100000552889317
1053467384
1183534671
100001572653916
1517747
502286532
100000713839227
1014406476
100000356233808
100000287543531
100001044738653
1406666597
100000646255083
1478924286
100003755823097
100004424983616
1009325680
100004951599696
100000657363961
100000339039888
100003330617453
100000120938567
1031988884
1344078653
100000209498919
100000304681459
500492711
1036872824
100005122473964
651500078
100003487416515
100002994430556
100001902415494
1566065489
1175680951
100001123987416
100002020861036
100001688705124
188941221180588
1069303099
100002000376041
100000594578175
100002484148768
512681254
100001088636518
1512330992
100000064847747
100000579974258
100001142029737
1820004784
100000611438850
100001623573873
1154993563
100002040383725
1217776767
100000154045238
100000358894403
100003907528980
100003134548138
100003045903401
1106362252
100000129053271
670862136
1719486578
100002395565569
543320582354046
100004261722898
1367770532
1541441808
100000858136173
729921613
1428064158
100002702060731
100001263319381
100000651587702
100001275482969
100000070667195
1291888865
100005343551003
648264660
589012870
100001052722402
1683865219
1228211332
100001241369236
100001844632528
100000584838643
100001373334671
100001755097557
100005058609454
100000049128430
1137676144
657344837
100003990614482
100001522906776
100000953615462
100001925965853
100000758778855
100000644702405
100000802422999
100000529578064
100002598915447
100000162742142
1290885249
100000387716801
100002403864002
100001656911610
100000563668503
1290379278
1185803810
1572813557
100002249021564
100001632083775
100000015082580
1803038770
1221281017
100001219672853
100002481794010
100001252682617
1552542457
100003007876428
1207601194
100002647853134
100001118340551
100001143865870
100005090922629
1681376359
724395099
100000414711413
100001816794282
1382592420
100003513807212
1265970074
100004704785477
658382857
1492932119
100000073757715
100001317303101
1049896174
100000580757732
100002448302041
100003741861763
100000248071225
512014055
100000587775582
100002580396814
100000248111398
100001838663712
1602917033
100002630332754
564395881
626580451
100002897878027
723797273
100002758535581
100002125209723
1406223367
1017785848
1363264056
100000226327292
100004184714218
1402693774
100002536147198
100000821494616
100001311588160
100000807552561
100000926435684
100000364839909
100001986746408
100002503237916
100001034571312
100000760218757
100004473133632
1422073987
763251467
100001154020525
100001739491783
1220235871
100001246403246
1331053160
1736363202
532519082
100002269237588
100000814894258
100006164940388
100000101116895
1013882683
100000679146931
100001220959269
1826870318
100000267319147
1549446456
100000285858198
541701137
100000313404997
1802958461
100005192585182
100002586234407
100000143962014
1538120692
100000469963644
1312629576
100000676167227
100002279003618
1223550022
100000043338794
1520583771
100005989570890
100003313505220
100002961074903
100002598146883
100002295393411
1422684842
100001976805250
100000562711299
540293619
1647535431
100000416446106
100004497551934
100000795873173
100000445110225
1089714365
1557038642
1330173119
100001110644186
1568852991
662061548
100002291578564
1582981008
430060607058598
100002613142556
1698041034
100001202460726
668310443
100001474966296
100002425840313
100002376250628
100006411787676
1588664580
100004603234519
1475029269
1784811545
100000366932575
100000999550650
1004025663
60715243
1164954703
100000852746129
100004362690423
1772209309
100000463124207
100001600953402
100003215966173
100001947381094
100004677060968
100002284441394
1192849392
696798967
1247151314
1686363292
1333247261
100002196941562
1558452529
100000133865545
595180862
100000125931355
1329499325
100000828139411
100000219430293
1041558795
1674632260
100000532835130
100001208122012
100000900486684
100000977734858
100005298910164
100002427043015
1115701905
1692991966
1421163771
753644640
100001252391434
100003166829230
533201944
100000108638353
100000207152744
100002886403366
100002984180268
100000241802997
100001285006192
1168625385
100001207425107
100001974196959
100000500079296
100000267701387
100000609491442
145440748819481
1334138136
100001836674063
100001059841850
100002323385346
1185724217
538383042
100000695191766
100000541849891
1562199780
1529242273
100001160462499
1533293287
100001285065218
100001463654456
100005001583112
100001263985593
535247985
1752821115
1470619952
100002987932333
100002094626766
1460233602
1311531136
1249071990
100002317948480
100002685935577
500696443
1834144571
100003930637366
100002365205291
100000984125339
1365949658
100000993349775
754132606
100002389933058
100000026202813
1635430544
120000348
1627629058
100000548816635
100000493206426
1233453893
100004577281718
1276444752
638267093
100001603974808
1669810547
1817598432
1850021385
100001958049762
100000226835316
636736115
100001744979209
1729074036
100003549416615
100000182457589
100004337710136
1059890459
1422302603
1034300427
502345628
100001307337406
100000676779976
100003071008355
100000572428423
1675951461
100000154083690
543639559
1241538810
1302966376
100000269900798
100002022441849
100002456029724
620687415
100003150682399
100000203020856
1592877735
100000568881757
100002311507904
100001214283287
100000740848365
100000214115415
100003678094604
1164716880
1840510533
100002786395053
100000113708729
100002194061412
100002364682455
541587521
100000756473909
588730291
100003924845653
704098498
514824103
100002927316533
100000926726956
734805568
1765939502
1084191332
100003170419725
1353021122
100002470066613
100000263253911
1209521772
100000937586102
100000045707259
1054778923
100004908371017
100001636184203
755715884
100000643620304
100002719251008
100005934240738
100001276070072
100000679056020
1684882339
1528874443
737668823
750542886
15724792
100000035575168
100000529125562
592927944
100000348185600
100001769567078
100001754418988
100002518240354
100002067118101
100002138063655
100002178557240
1157179863
100001036632861
1656597165
100000124557086
100000214029315
100001526141453
100002229667689
100000553321168
100001191866611
100000843221753
1301593814
1088606633
100002476643493
100002014029491
100002330757672
100004018857069
1736810794
1010126265
100002177361877
100001352180350
100002701031255
11101792
100005727884265
100002481832305
670973848
100001031385535
100000637467644
100001764654193
100001209821556
100002383388334
1116884326
100002918227362
1673863724
100000312471111
100000109490124
1491257730
100003137776265
100000784635786
100002509318769
509904866
1245692034
1220606709
100001250906254
1005687315
100001355967078
100001247372614
100002547361685
100002801494893
100000110422719
100002028475971
1674955689
530510777
100004967640398
1291140595
1062804027
100002819495374
100000566535360
100000618068407
100001031728658
1583283440
100002388864594
100000826545292
1553471644
100003914492717
577330585
842695004
1317107652
1904479
100000085572285
100001206682728
1550935709
1415471433
100000207220265
1035993175
501302673
100001191006408
100002478612073
100006300521808
100000273825786
1196990471
1580037179
1322422703
100000763524621
100000431900196
100002507104865
1802300716
100000316255347
100002999347910
546568456
1266581386
100000728111970
100001639365222
100002306242966
100003611331777
1319336686
100003252954498
1209670144
100000758337686
1512857975
100000672455265
100004623761337
740880231
100000940695690
100000453430848
532627756
562146725
100001841518998
1222339671
100000639548471
1334090372
1712357095
1540620262
100002355238156
100000916343454
1413802097
100000556171485
100003021741992
182120118506588
572045292
1203218093
1283451899
100002119587152
100005124459676
100002200816258
100003815071120
100001726955666
100001079147834
100000736726323
100000055220964
1363201811
100000691204489
100000649179919
1579323345
100003331633997
1758796531
1709725914
100001252220556
100000405817652
100000593569201
100000088664965
1772834495
100001493574203
100000561467697
100001806932883
1604330164
1574041960
100001873460958
1317448458
1669827656
100002213016819
100001287385630
100001717712837
100002748937010
100003201500925
100003096811102
100002319832236
100000138748535
100000741825250
726677782
100001244208127
100002123632256
1682350174
248195678565979
1429148071
100000026321624
537635003
100000020349691
646057051
100004519634387
100000347758055
100000117256699
1479924519
535144498
100002588950672
100000315699129
100000916217608
100000861717807
1002627875
100004281817173
100000044702473
1824031886
1007826687
100001798917008
100000277233036
1592685087
100001554218767
1656226078
100002876313244
100000376607653
1414473743
100000654491906
100001076511086
100001456954773
1713372890
100000781465775
101501221
100004971096698
100000947239781
1003462701
100000322494607
100002464872012
1330290586
100001221259935
1105442714
515498145
100001625556084
100000026869150
743500914
1387174771
100001792201901
100002135391879
1073237697
100000807378810
100003217373563
1193751123
100001275165256
100001240593048
1363507642
1209211146
100000245884819
1627051769
100000571620178
100000349990646
100002253385787
100002569395296
100001916487283
1629500647
1530699267
100001272741146
100003600675335
100001925776836
100001982455619
1178847719
100000390889197
100000704077320
100000194075660
100002091069373
100003212073340
1813367724
100000442635312
21700629
100004636663514
1147250958
1650863842
100002942640884
100003075861131
100001653570322
1168044644
100000929724458
555247340
1767262179
1190316590
100002076805671
100001914114435
100001969374983
100001091320481
100000085103958
100003070342479
1480694556
100002597359699
100000606030039
1122763086
100000077317325
1840747987
100002001830229
100000592238733
100001980265888
100001840464107
534498147
100002523002532
100005305903321
100000942337994
100000865953945
100001249841800
100002882975376
100001671249585
100002999735544
587919023
100000368402749
1669848170
100002291395322
100002265763882
1360197610
721080423
100000905804291
100001596840905
100000826302670
100001891386686
1470408805
100000664534523
100000203288504
1315464006
100000592226643
100000111818444
1591986136
100004282322526
1818207551
100002469116950
100000103251584
100000984352928
100003339970205
100001214035293
100003929507747
1247095142
1262352197
1528932467
653552890
1539512012
100001207376226
100004676016547
100001886852014
1071190542
1805517229
1396091281
100004590185056
1795175634
100006267608230
521497892
100001160180460
1560033523
1398878051
100001678446701
100001783447157
100000055694621
100000073921275
100000105556195
100001233823717
100001257219038
634658681
100000801478150
100002100266700
1515072540
1787114522
512798536
100000999468740
261349457269411
100001987715765
1784509819
100000785521168
100000705615288
100001874435380
100002277806493
100001662704990
1628198584
100001153467209
100002859218295
703333663
100000110652830
100002883838377
100000999937170
100000175770363
100001874572362
100001224272932
100002121895866
100000324901621
100002729713798
100000243739337
1679813181
100001566434045
100002647903469
1522020006
100002079895499
535184993
189894857712545
100000069352714
1342316776
100002356752103
100005770923207
1185879813
1423673520
100002064145361
1086146467
100000144246942
100000184402322
1491100488
1469305134
100002009374727
1665790254
100002439670589
100000269389434
1262900744
100001554679016
1556282730
1166715464
100001833014365
100000733418194
100004602070356
1171663046
100000504841315
713151997
100002916711217
1813273524
100001935827096
100001705405137
100001644311736
1038233782
100000149388786
100000847774460
100001476020289
100002193390007
100002163720031
100002587786827
100001994966235
1418607745
100000161492224
100000179525376
100005636077385
1290130499
100001023919140
100000573976666
1468983056
1722703681
1156570447
659711609
100001158379997
1019329812
1356921390
100002171864838
100002187928137
100000797721439
100001029295656
1209489366
542179684
100002077637418
1575027411
100001488576903
100001402837335
513616604
1770832267
694725660
100001845923988
100001269794286
100002408755009
26307150
660747573
100000209622285
1244471028
100001550781973
100001596070651
1365420542
1219086277
100000855728952
1192545130
1820684574
100004023077262
100000692313164
100001391038831
100001803673162
1608798615
100000262686399
100001213877529
100000189263934
1022174433
100002735679806
100002285982064
1386600129
100002362455652
1613160057
100005367164059
100002055247209
1534749696
1302763058
100002696702128
100003351685271
100004776726526
100003315722478
1349435825
624076865
100000299820733
1057644076
100002807906824
100002278525781
100004023238570
100001162830284
1247394434
100000611075916
681528015
357766347645024
100005450864069
1816300829
1468036063
1494810947
100000664260993
1132498232
100000464988908
1580471829
1475832004
100000041854315
100003117706065
100000038331849
100001212465533
100000758865677
100005649040064
718436674
1375164790
100000144465100
100001164525546
100001172976456
1340691720
362482697208062
100001133179019
1596403279
100001065452792
100002310068589
100000677762364
1245000044
100001866622805
100001774850977
1479043332
100004459450289
100003324841249
100002194080847
1111740023
667399576
1794865241
100001441189913
100000373879084
100003164131366
100000626326312
100004737639869
1779669541
1795034646
100000773424914
100004930113596
100001027155326
100001330478934
1772660100
1347510866
100002401000438
100000550870283
100001863748127
1493615991
1449709603
100000570672872
536171032
1049480343
100002000423809
100000332700185
100002532487834
1485605160
100000553181004
1201582704
100001354748806
100000502814755
1240398803
100002597366407
100000015928286
1481572673
686709005
100003233084816
100000084495653
100004177629313
100000141831450
1697680744
100000759651192
381804965175007
100000566093924
100005464512731
100001963436174
100000622217979
1242001425
1182704345
100000047930807
1219402817
100002585389144
1733148612
100000048273282
100000263279158
100000718027626
100003098303215
11307211
1450003380
1178720049
1152301145
100005052009418
100002752358436
100000101954514
1402210984
100000220377361
1406902330
100000927110204
100000835803048
1612995096
100000884005407
100000103496937
100001703241091
100000030910841
100001250026339
100001792549565
1275951755
638088282
1317291407
100001488688645
759953307
100000850174375
100002383797041
100004293730217
1379820723
100002608309129
1329078181
100001222158900
741532836
100000889065056
100000900506936
100000303592682
100000908783020
100004207118373
1839536383
1398870875
1516989442
100001099193003
545873134
100000158423807
100000679568490
100002053747797
100006101130331
100001731621322
100000620767653
100004734668560
100000949476878
100001239827185
100000978135379
100001387514502
1350415746
100000905451095
100003253300894
1593712460
1227297061
100001564759287
100002162657899
100001671562263
100001085380199
508685993
100002273958636
100001620901735
100002991692678
1325441075
100001097211236
1298476594
100000258552823
1064572461
1405091960
100002404168677
100000727697925
100001444683645
1162742170
100000704982783
1039591721
100000882577461
177169942425956
500822332
1666672432
100000888270876
100001727468283
100000564559114
100000752908619
100002036374572
1484383390
100001242529657
100000028454371
100000399735818
100000423498817
100002817748426
691620619
100002009258166
510923929
1750972466
100002479909905
100000352327668
1593555749
1237317740
100000816820919
1684242598
100001757762880
1781292054
100002293421659
100000334181432
1217362270
100003159796587
100000737430481
1379894854
1843343911
100001403192422
100002726799498
100002504712943
100000352298485
100001684353093
100000481234253
1405430910
100000347125994
100003020012509
100001105835458
1198062861
1596806154
16411284
1196182440
100003349233354
100002695095763
100001493353447
100005190126601
1434700485
797788849
100000337719318
1195956968
100000764818086
100003504060949
100000488796214
608974644
100003019154879
1504815910
100001525498252
100000215615724
1538923669
100003481032796
100001183239930
1494681247
100004045081733
100001703310420
1268902252
1046227860
100004206194254
288076977913701
100001189566512
100001842265918
100001488973685
100004322104879
100003351816386
504516213
511038676
607599825
1472792488
100000455104176
651927035
100000781038824
100002030460083
1843151214
1010208373
100002085581400
100001583822743
100000189691220
100000149745440
100002310777154
100001312348017
1268717080
625749926
525036957
100000492250093
100000275249101
1012683493
1679081210
44408963
100002168042414
100000061349268
100001410778444
100001547421017
100002765467399
100005614541353
100001654762867
100001895581791
626242664
1525381897
32812813
100002677893856
100001789768218
1464861975
100003406870667
100003743056647
100002115918054
100001719949116
100002976937386
1842259609
100002135300058
687020285
100002902016145
1626885171
1642981753
651831466
100000687062353
100001695214032
660093338
100000174639326
1207905991
100000478875620
1603174377
100002590185962
1168144266
100000561255005
100000653921415
100000791304889
100002215153601
100001903711315
100001474850673
1020182808
100005140082484
537940187
100001411163062
100001274085852
100000524986023
1200807917
1163663123
100002955055321
1041968301
1464242486
100002348692869
100001325977355
100002252599878
1284223062
1726870890
1028305926
233161470102837
1628529016
1316418467
100002402413632
100005497561721
100002154892295
100001008531225
100001423867378
100000311640338
1493002825
100002052983241
581170876
100000076273910
100004524762743
100000622381380
100001668334783
100000303705889
100001698557783
1478333865
501765925
100000370030997
1009424024
100002921688334
100003181891668
100001562187867
1059622222
1539583868
100003836890475
106289022840636
100001926197767
100002604994912
100000832038925
1134827206
1652783862
100000428195719
1832017862
1084932636
100000462494272
501963876
517824959
100004884514684
100002010510988
1151047059
100000121310486
100000160416313
100000220130393
100003144730545
100001477148634
715115783
1046327032
100000734775293
100000016439302
100001327527710
100000595684925
100002762150700
100000336616311
1818330623
100000212831887
100000429039074
504292980
100000104243410
100001791530463
1381740435
1216854314
100001764078887
100005069203797
100000105289749
100002668365866
1336660380
100001948372274
1193229150
1081456931
1283815138
612291567
100002300604059
3312374
100002060594451
100001803829869
100001412295443
100001372675515
25407962
703811355
710940553
136806912998503
1095549448
1587091917
1172390888
1315972860
100000029422023
100000351706163
100002655055175
1612242569
100001378674240
100000544315304
100004513628023
100000704086832
100001885635994
100001474198841
616240148
100005532245614
100001708330805
100004932391935
100000475746673
750978465
100000079588553
100001604430805
1506580544
1201607276
100000662832299
1280731324
100001849978069
100003381969021
100005842923284
100000751591970
100002149651737
100001322211186
100001004965806
100000479299733
1484764613
100001963149507
1679286522
100001350235804
100000040100482
588791029
577028947
100000278956433
1244491373
1282861592
1001082713
1384789349
501943061
100000375788434
1724226406
1730037047
100002142574186
1132037906
682192047
1763735062
100001326206209
100000007101535
100002679295282
100001189911687
837879896
100001211375075
1196372927
1547283375
1393042273
100002254475097
100000031866798
1508221390
1606723769
100001868897189
100002013790255
100004201772908
100003677682073
1139643529
100000371063862
100001423146118
100002897346958
100000367754082
624290045
100000211016441
100000379528943
100001139217304
100003743828320
1588824530
1621324189
100002240456003
1405345056
1226107150
100002288210981
100000395087963
100001269705171
100001726963425
1207339106
1332020527
100000229047075
100003070457852
100000680553304
1110549694
100000538387062
100002735299537
1284656400
100001610289582
100001599028498
100001178428138
100004328378634
100005828404189
100000479305893
502767291
1599126172
100001086999412
100004147118115
100000725672390
1487996426
1456309335
1342444059
1799911269
100001399420461
100002035575953
100001583582517
100000290229176
356094851137989
788663604
210803303
100001402056453
785637989
100001408808261
690677270
100000602654033
1033344819
100005042614981
100000297933897
100000130821945
1465925109
100000191530068
100000822289780
100002139310963
100001047171647
1847257461
500549883
1407684339
1826343508
100001761565974
100006353942355
100002020149770
1144005086
1658358535
1032150411
1650791337
100000003861562
541719772
100001332099332
100002833665621
1456041853
1604641405
837775374
1238211362
100002787217504
1173073512
100000312894186
1736055303
100001298752362
578255069
1827742477
1677069079
1522179175
100000517420620
100000198158144
100001891689770
100000824997485
1429720877
100000225549495
100000058194511
100000742158703
740025341
156905694497700
100000735439139
100000162445161
100000960504167
1681729824
100004719360990
580734805
1203428031
100002151812492
1267024107
1333277199
100001911637262
100001217479130
1585004656
100002182452381
100000150801034
100001437300257
100001395946073
100002063868172
100000021608291
100002333119601
100004357544583
605898539
1201268889
1073496320
100000514660231
1461816901
1581558659
145804505460296
1654938910
1029539907
1804702982
1504382955
100001366221977
100001386145088
1385706333
100000029666182
1624052953
1516332117
100001178844955
100003557443384
100001775257854
100003122413725
100001776124344
100000263089251
100000816676035
100001392550249
100001733146613
100002878643384
599103174
1773245967
100002533342407
1383344351
100000281092597
100004020613703
1097530011
682180528
1045483199
120478454702689
515087482
100002803594744
100000684159022
1041305623
100005350056855
100001421708686
1163386427
100000477223099
100000483510050
100000224192828
100001290655311
100001193612119
100004599815327
28801900
100001438414433
839649988
100002951442762
100002411995601
100001953418449
1280071049
100001047161978
1431130766
100001806821074
531121390
659015412
100001250120137
100001153111694
1507366651
752140651
1044507404
1771368022
100001403154766
518030966
100002623117492
1746821216
100002414595279
100001770594574
100000872584050
100000874626397
1393954920
100001627572594
100000012477432
100002212016483
100000217741573
100000618871183
100002529540802
100002241659264
539911052
100000458017174
1235716423
100000629139504
1401572340
1601330809
100001580048684
117433391666979
100000504334950
100002277938185
100000601486913
1720564392
100000280088604
100001011365813
1438083341
100001778876996
1548235106
672429198
1077884225
100001056851074
100000562651042
1373153526
100003530538217
100003940215739
100004122192102
1355311910
100002222027260
100000593433176
100002180109647
100001988487275
100002207852506
100000518301318
100000746143798
100001338985480
100000459790896
100001309975532
100000575841757
100001052840916
13701149
100000037560269
100000664837141
100001593847010
1337500830
1052209917
100000170160598
1825538815
100002092706012
100004774809603
222212097911439
100000082223200
100000854134995
100002756472833
100000049592061
100000880744607
100000950113410
100001969129678
100001270644249
1119791060
100000079744253
100000274624826
100001340756840
1577747270
100001983067840
100003079181267
1396789234
33701092
547583122
100001174735907
100000266627902
556170337
100001343570022
100004993299756
100003815423260
625827115
100001268916177
100002595867233
1316808051
100000268041029
100000052225128
1675597956
765394898
100000321901494
502028182
100000169295441
100002106685213
100000906938986
100002497295359
100000747176550
100000933956136
100000471327448
100001934093872
100002691421895
100002897637211
100004289320592
747030760
100002559862099
100001587500075
100002378726294
100002046722924
100004071732042
100002875821522
100000108516337
1810386266
100001150977069
100000916420572
100002497940972
100003095928950
100000344828196
100002227604452
1366487629
1595127384
671424749
1740561646
1672982130
1190226855
100005217243842
100003124105518
100000070308919
100001106388145
100000516332829
100002169340070
100000851466739
637615301
100001454329891
100002182691179
658650037
547713790
100001250721271
100001510214496
100000756245939
100001201908231
1658497783
100000307478190
573272643
1151856835
100002959143094
100005143772714
1476542879
704304591
100000410775232
1317134037
100001947919689
1275566656
1735102646
100000638794748
1522583261
674233098
205919002761606
100001044342745
1432224679
1487316391
100002612086454
100000251830196
100005365573566
100000874255730
1771051117
100000154774225
100000567478264
632626823
100000625038027
100002055372197
1476109843
100004459268879
100002008672044
100000354467672
1204552682
1342299195
100000597371516
100000102786729
100001988395781
1379671327
100000544090669
1570808076
100000545722149
100001076167630
100000606606342
100000939753012
100001944254305
100002209556711
537513591
100001920535912
100001789727351
1425527368
100000877458512
100001735185269
100001259229102
100002071378803
1119777696
100002864082538
100000301157321
100000011771298
100000310200151
100001216279841
100003784297531
100000601890125
1620504651
100000514067938
100002719959044
100000493196463
100001732921102
100000146329935
1412817723
1020698283
100001563519175
1823703695
100004776762462
1741130713
1216884839
100002118401248
1087341915
1030759397
100000187184280
1810851706
1386862064
667707394
100001574177858
100002500962919
100001829644502
100000170104056
1098676490
608443785
100001214465761
100002270946755
100000532311342
100000933581175
100001123837086
100001120710750
100003008348764
100001032442643
100001365678033
100001519291045
1174275871
1256860955
1815162923
100001456616304
100000701055549
100001682432158
1433513788
100003625766921
1335833634
1079452889
1826989558
100004804141651
100002769487675
1561607942
100000284238111
100002109379353
100000529833992
100001673705394
100001663881031
100002134462936
621719477
1708042398
1790794848
100002167007242
1321262659
626136014
1434821310
100003154352577
100002332925383
100005266901143
1114370182
1041446654
100000562486993
100003857435996
568963670
100000185225374
100003171343468
100000164988858
100000096692382
100001616855144
1593858092
100000493094332
1459624770
100005425380268
1537522875
100002679484230
100004909839108
100001118706658
100002886203293
100002151930042
100000096172256
100000541595193
1641992676
747129157
100001370392735
1321102050
100001972268662
704625303
100002242421322
100000848757510
100000520286274
1063417570
580974951
100000557322888
1211304837
1437790470
578664462
100001448487888
100000844132913
1384368595
673883515
560543729
100002518029796
100002889455980
100002160769252
100001296248849
100002357120281
100001457413300
100000331019062
1663862766
1347044452
100002420092645
100004956515861
526040205
1750824372
100000618738633
1025759222
100002671865910
100002572426168
100001058843508
1069708409
1282347118
100000834546509
1644713016
100000657937633
100001124493396
100002425320148
100000808726010
100000946344322
1054326713
1370785106
1507583842
1283593294
100000201160281
100000266912774
100000173379588
100003708694951
100001891535049
1168910350
100000004773201
1085524924
1339593792
1730885760
100002545016024
589940799
100004094121114
100001665135881
1500702517
100002516737185
100002909411472
100002078121557
100000258150622
1850326612
100000727156322
100000187784406
100001256083348
100000496434489
569879420
100002770338282
100001409580033
100001708453508
640991244
100003343443530
100002704813080
100000193204087
1534400226
100001521136733
100001115916979
100000209852047
178500053
100004760642047
1193815982
100001782453612
100000489146383
100000899636310
100003330373831
100000195799344
100000329344642
100000933371474
100002551112689
100000375261516
100003067798925
100002308522047
576812853
100000531913531
100003174945055
1439002397
1511066185
1372697176
1475891333
100001530083645
1615626172
100000624519808
723782908
100003611453315
100000247910349
100001418534298
100005594350739
631191817
622148488
100004125300394
100001522467075
100000426612496
100000058728734
686621549
100001462226747
1750532296
1396006469
1633539672
100001003000647
100002561070171
810663929
100004680430963
1151395975
100002678451607
100001444365124
1129631878
100002560672540
100002428144578
1120054251
100003030776693
100001806571070
1423202102
100000003795573
100000458704344
100005281934243
100000967919185
100001348827234
100000537626814
100000035738415
1505842623
100003746373681
100003697762865
508770003
100001709240606
100002413111515
100001625460611
100000656228958
100002318839780
100000616567262
100000463091831
1262508802
501303731
100000396673961
100000213922491
1244513677
100000505472763
100003453654094
1419727597
1795265734
100002051916189
100004090230851
100000967506910
100001785933313
100000085725370
100000179107331
1279198043
100000737291652
1320957343
100004040282038
1484648668
100001510760306
100002275579009
100000439467141
100002096102315
100000031204109
1473845977
1028956040
1727901862
1135800167
100002381136351
1654640332
100000214792068
100000578604412
1043815109
1386888830
100000001713615
100002580622753
638564020
100000959295010
728801827
100002180574192
1449947258
100000639662375
16314450
100000633155737
1807205616
100000399276220
100002213845873
100002926269660
1333931862
100001528581093
1034765114
1047611573
699503835
100001447710110
1629441687
100000176637879
1137107863
1489666060
503988940
100001930012116
100001836276238
100000001523855
764928150
100000051622314
1610198118
100000498924252
100001924663205
640407433
1419233918
100000686578380
100000553105704
100003844002574
1293549208
100001955920969
100000839954649
503570795
100001392944362
1332746302
100002308661611
1347864025
100001316488513
100003762502010
100000483233246
100003058774674
100002260045512
1133005711
1454686745
100006013323296
100002440266849
100001560660662
100002700679407
609199391
100001585261351
100002274379910
1022060355
1573145437
100000840701565
1460149038
100001635259159
1430293912
100001210531079
1396716310
100001963084568
100003024744035
1528924937
100000481140636
100000012337177
100000474715037
1311746291
100002009253890
782159524
1536278598
100000395454653
204067296272122
100001430448420
1740027238
100000409156738
100003844615659
1428565553
100000683797429
100000634110311
100002772064056
1232899516
100004440161823
100000074340947
1208372075
100002518315346
100000247672502
1498215963
1368918924
1790104617
100000422445995
100000855807493
100000273522613
1835867967
1584865239
100003827225464
100001376850022
100001154862848
100002603844117
1713870167
1720081315
100001620458153
1003784651
100002289453311
1037919475
100001470081810
1673231320
1228327560
100000450293727
1378461288
196523583806065
694582491
100001971433251
100000083831812
100002176011958
100004616252469
1338891743
100004651959910
100002204098930
100001443840492
1221070917
100001908872802
1291811637
100000434515605
100000985537718
1062976576
100001468332481
100001541724525
538511631
33013449
7918797
260794470628350
100004267600300
100000565886514
100002710087417
1155919723
1562017788
100002425299476
100001521879042
1630554876
100001006932935
1207683130
1520002590
710035663
100000861367944
1289836723
220899881269246
1342384590
100002356512781
100001969993828
1277137912
514353854
710170083
100002920922329
100002868361869
1686856850
100000746545847
1814522623
1424015888
100003498868881
100000578816790
100000403650748
100000727725036
100000137639520
1556719447
100003584169875
617258872
1522781566
100000704488040
100001042388793
622742499
1267671680
100004634620242
1468530938
100000896509772
100002279143964
100001002309888
1685941916
100002056785253
1340449540
100002606550042
100005166306138
1254073413
1407484904
100000482778752
1320488157
100000627143189
100001419528592
100002907438912
100001816584994
100002141104464
1029679590
100000333435986
1280032595
1250450694
1291671600
100001885895189
100002071560591
1359800137
1481282774
100001058411710
100000440455574
556510474
816728290
502403437
100000969163775
1598832886
100000180486401
100001289951207
100001014852559
100000085253452
100001286813821
1209974163
100000441745163
100000073278561
1694391833
100001109903831
165240870285050
1768528673
1283876268
100002313240377
100001475056809
100000643211425
100002183800222
100002974860591
273060106049193
100000974143340
100000661376764
100000973147186
100000244804566
100002423136387
1357852318
100001817480318
100001321313952
1635097853
1142179913
1537965459
100001830554207
1009294851
1814745961
100000729832850
100002202892832
767458562
611999751
1391475279
100000097663975
1263681719
558840382
100004044279899
100000889210220
100002870842984
1437642462
576053814
100001778058689
1528565642
100000962430690
100002207476358
1167225805
100002946617750
1490650043
100002859263458
100004494433665
1078510970
1273498254
1336528926
1557392048
1027747573
100001543489849
590859513
100002632353988
1450654498
100000048734173
706329328
100003195860791
100002009013849
686919867
100004454971520
1573171539
100001537451763
100005334524421
100001303341816
100000855403065
100004612320705
100001384955169
1437457592
100000043906162
109197572496901
100002603947834
100003054639953
734106959
100000138438773
100002133629192
143604969000936
100002990327509
100004606110753
100001511344930
100002444074673
587964474
100001395334869
100001919296208
100000746141730
100002097783557
100001283554415
100003220931445
1404909594
1571933251
100001210246530
1026347365
100000160735082
1672637403
100002638923777
100001893612786
100003039368771
1573906670
100003319941985
1330575603
100001970804527
1076027550
100002367387568
100000228100433
100002175950978
100002756772650
1344756457
100000068056695
1090363749
1789878306
100000393165384
1665612321
1006617026
100000232493561
100000515288007
100001149116042
577075135
100000019808464
1466703065
100000457034829
100000977317494
1146524433
100003951132548
100002643480524
100001410477041
100003356705298
1055490597
636812746
784994539
1552074008
1552833420
1257595597
100000739223281
100002937469222
1195058016
648242181
100001958124845
100001898076097
665601839
1275792847
100003566686500
100001547138122
100000298941736
100003820065077
100000164457626
1465729307
100001415710977
100000599224465
1416022908
1341164013
1336370398
1172335432
100000154577046
100001628107817
100001254641100
100002718258099
503974796
100001047403936
1288473323
100000160764732
1227033944
1065996086
1412472455
100000527306575
100002424090503
6829118
100002488282981
22000606
100002990888334
100000307256280
1175136456
686291098
100003650298136
1404521328
100001211174529
100002568707632
100000581047353
100001801435392
100001818033713
1640210103
100002297943195
1695170154
100000784198656
517489025
100001743968810
100002251277704
100000798056570
1141264221
1419811784
100000279356631
100002030242451
1761898672
1376377829
1438615386
100004135452739
100001093078666
100000471558050
100001953684035
642501165
100001132052447
100001885708995
100000393486621
100003877639999
1670213095
100000533140364
100000695389333
100001223779502
100004702357173
100000054162651
100001157205231
1469651080
100001718801056
100000102096693
570770410
1616082260
100002922059219
840269417
1701448410
100001713487523
1398097613
100001582809959
1686084633
100000635438853
1401559347
100000501789362
100001129554989
100002020832308
100000161343565
100001418185002
100002294570886
100002027576529
1222209377
1717760148
100002196579367
1204107196
605074299
1533336931
752470072
1647914142
100000393561545
100001686380496
1746265668
617606609
100001924752082
100000230314613
100000450741314
100000533210479
100000620603480
100000419405651
100003136066920
1521511184
1313707051
100002447604499
111200208
1362285022
1517599357
1152455999
1648563610
100001935072160
286501251363985
100000673537360
100001602134793
1493618363
100002978837983
100000791732208
100000142053267
100003831888295
100002480694526
38501371
100000530746299
759994184
100000563491257
32820183
1582758611
100000576273402
100000637942961
100000381917690
844535788
100003246731210
260942417350382
100002728560166
100001620244181
1453902127
100000485184119
100001356406786
100001664648941
100003535471973
1247847783
100000267632549
100000816238993
100000582013282
1122794446
100001692910964
100002655236353
100000475974769
1452277755
100001447587497
1815810295
100003142188025
100003138064302
100002809986935
100001716235673
1539759356
584447902
100002203563746
1617799043
1319227660
1324007460
1239434034
100002256346571
100002178708553
1670284970
100001021127735
100001363353039
1498552716
100000651867406
100000610070100
100000133745466
100005303345763
100001346958454
100001814298276
100000528762214
1423421822
100001134194601
100000064257488
100002188675285
307074109409970
100000491014154
1580082913
1555178925
100001373966640
100000965996509
1571794637
100001367998491
636646625
1120622726
1394315470
639782186
100002067428135
1335612583
1152087063
100001351258431
524227559
1477245655
100000639194647
100000883389816
100000521735189
656366398
100000155925452
100001186387646
100001021482017
1312274230
100003613892430
100001615022852
100002753514291
100000079956350
100002349937806
100000696293542
100001315523595
100000738956309
100001975753461
100001947501221
100000461463789
1386393155
100000511189360
1022452211
100002425098586
100000279555893
1030646020
1403514180
100001905774591
635682611
100000850375137
100000271791235
1172417198
100000212191206
100002097516603
1025919707
100001472111137
1097589244
100003153742742
1314537058
100002663292327
100002868312509
100000673358924
1599233522
1457239790
1449715797
100001915197274
1582238738
100000787820131
100002236430455
1186788637
100002922773295
100001599891982
100003168434999
100000003679455
1604625101
100003520870587
100001962843239
1428185715
1179468521
100000665046393
1154799106
100003060538272
1258695320
1248532143
747783532
100000262759182
100000853137024
100006180784009
100003945975796
100002159261345
100002483906480
100004295825908
1606955924
100001600277778
100001373583041
100001631716781
100002575515258
100000388817688
100001077759723
517514776
100003392526659
100000623974009
1351834108
1471911676
100000104575089
5823300
100000160119500
100001622773262
100002933663355
100000701333459
1051084492
100000666189815
528229622
100000166922707
100000659974832
100002640450413
100002342831314
100000022834405
100000416924645
100005492940338
100001234102947
798490299
100002366476206
100000425209952
1161126532
100000112985303
100002421558015
538376912
100000040916995
100001645597795
1477450849
100003259976318
100001011593917
100003954057831
100000171130116
100001116586929
617840869
100000450667681
100002412974156
100000696130829
100000348578242
1796492415
100003400312416
1228097923
100001489773835
100000641884832
100001468180550
100003310362249
100003203411989
100002262533905
100000384064471
100003934557858
100003386203672
100000812560688
100001064946186
100001953589499
100000617540642
100000403977068
100001623218645
100003756652605
1088424115
1366072156
1838078046
100000088782202
754488398
100004796618776
100002195306643
100001361469334
1072762099
1774832480
100000712038329
545729597
1023371442
1612715133
100000066551943
100000309697340
1353650252
1807097245
100000494267041
100001344988778
100001730565227
100002220453216
1425510141
1634150931
1359813936
100000222630077
100004669332161
1575083537
100003107941043
100000800823898
100002659458130
100000940013217
100001130060281
1350100476
1276348097
1053951350
100001400458535
1361563623
1038684690
1572644746
31701778
100001716554894
100002270131841
100000421722285
100000080750873
100000030162431
100000950540179
737311083
100005405886850
100002346763760
1806181588
100005295160084
100002017420711
1393715781
100001787751853
100000867487242
100000740093505
100003093455453
556032334
100000292807837
100001578235570
100001028478058
1285190887
1328248103
100002272075705
100001519025959
100000431373260
100002795851199
100001281786640
100002608210179
1585722176
100004670947890
719905737
100000729123620
100001607950716
100001127370409
1618804020
100000568210467
100000038568428
100002184894851
663071536
1320244279
1196876598
100004687033710
100000097921609
1354629987
100002390396112
1018156602
100002328370235
100000318064811
100005235000611
100001278892012
1150722160
100001400596919
100005180610753
100002220970825
1348297356
100001522521887
100001544504463
100002217019760
1563162616
100001300781941
100002482513942
100001282838383
100004909062255
100001865590012
1223693748
1576760161
617925626
1260166418
100002152736523
100002250321907
1514248571
100000509572663
1158718128
719958615
100000743597376
1203242738
1099798236
100005241822792
398260710227237
1383994251
100001641894180
100002299896010
100002837805346
1370564542
100001234795486
100001387021289
1400499108
1018240008
100000824284358
100000966273114
100000668441338
1118623015
100005056119543
100000058022080
1449728372
1020701302
100000986449323
1848294276
100000862737385
100000187902309
691114432
100003598195558
516464311
100002751283074
100003679568003
100000969236226
100000547032154
100001007501551
100000215116462
626128474
1449896157
100001384208621
100005076631353
665728262
1647515869
1383789538
1159286685
680463951
1479355869
100001353229661
1796800301
100000555355758
100001195712490
100000897568568
1715671849
1175764451
100004554066523
100000613388603
1605192807
100002537858939
1044305811
100000112303383
710368020
100000850656482
495147463842833
100001925072749
100001301346322
100000122741030
100000045164709
100000544647640
100000279546162
100003241600807
651827568167046
100000657284562
1356276214
100001141427848
100001433854333
100000086146978
100000366311894
706499252
100000224393877
618019495
1701409887
100004626881162
20104884
100004946252541
1792347590
100000913629792
1623783838
628892008
1516040240
17908869
1005083080
100002453199559
100002386098898
100004735632715
100001667922216
100003199604066
747579107
100002476312992
100000977361432
61915636429
1257175600
100001038216041
1744138264
1577258050
100000758115884
100002080568789
843260076
100001034982961
100001277198519
100002724154733
1426722535
100000153711544
1578218568
100002401397383
100002505402737
100001130397944
627826917
528430458
100004826017584
100002226295977
100001092818327
775231896
1347432616
1320536471
1188935101
1540676298
100000064840830
203611986406902
100000559262911
100002336178909
100000451723487
1561685333
100001850009010
114509841948522
1003848117
100002565273973
100000971665851
100001510004003
1584367563
697941785
100000130569042
100001974854519
1546104743
1658761520
663897529
100000480340796
100003105882946
1449990542
1132305221
100001693196990
1240699275
100000068297500
100001158283573
100004448533535
100002038305264
100001252741782
1467909932
100001191326642
100002870221659
100004099095984
100000172663884
1551126924
537404687
100000291015677
100000472038113
100000540259514
1354902926
634970260
642958893
100001351595765
100000319825727
100001449673358
1788314550
100003932095773
1677551879
100002078890940
100002231741616
100000212727901
1328828726
1061202563
100000789524134
100001632870709
610801070
100002352188115
100000023520716
1178591745
1240258031
100000919131707
1686020804
1198295254
100001828526636
100000181146445
588971795
100000899447332
693216374
1455615340
1117570976
1275337248
100000688948780
100002863437470
1389904319
1299705777
100001806616832
1379406900
540326341
785132008
100004478014312
100003553714346
1851443080
1332256286
777205050
760713031
100005265870723
1748790032
100002441570539
100000921698609
100000975152857
100006154896389
100000292902168
100002456673639
530057326
100000030382543
100000536882086
100003049365942
100000372594745
100000550841545
100002505975395
100000291020153
1215271548
514327031
100001113218108
1644636491
1311003495
100001557415200
100001421245601
100001269361899
1130816221
100001566025230
100001246814352
100003991322078
100000938355652
100002772503637
100004228925694
100000064094185
1002855052
100001076844090
100002093033647
100004466912576
100003628670587
100000207727657
1667895108
100001473762073
1580526217
100001995190952
100000072817307
100001444514658
100002372068280
100003016691737
100000681410551
100000167422537
532439871
1793414139
100001077405240
100002093901235
743811793
100002488797031
100001448546279
100001300669129
100002204418126
847735413
605392743
100002443429176
1290602328
100003008498298
100001142418289
100000186811544
1794171894
100002874815101
507351060
115460438530010
617769965
100005056203507
100000868496211
1342851682
100000787879810
1368589609
100000791687346
100001024760901
1159436098
1445143778
100003406790369
513384985
100005974477733
100001209196931
100002136418780
100000068202698
100000393913979
100001162402015
100001611721088
100001114557978
100001785074806
1788927947
666625657
100002393402344
100000377683844
100000736631324
689325618
16115122
100000246049610
519887643
587572944
100000544500847
100002563809054
100002913720637
100002728422951
100000727494592
100000704181935
641513505
100001077920683
1674447863
575915853
1588232826
1486551735
100001311676670
100000118780650
614093772
1215640132
100000224360614
100001613042862
100001132311694
1320436959
100001137161345
1415726425
1382017301
100002414802535
100000584091945
1548431194
732764203
100001749958160
100001287339164
1340229639
100001634433554
726578839
1708163176
530544464
525562193
517812444897104
1588478932
1072955903
100003695488001
504006508
100000490069911
1039635477
100001122468265
1631480260
1288217265
100000447455671
100001061167436
1488760934
100002329832094
100003920438391
100005020000694
100000994380195
1634223943
529108519
100001907116070
100001274841543
1311053392
100002291483650
100002238971776
100000774248191
100001717768135
540339415
100000635319494
1785382582
100001719685173
100000603521774
1045194747
100000617725868
1426443105
100000510813756
658607461
100000583795991
1267670851
680281893
100001359859485
1221215688
100003259317203
1235053253
100001994409800
100002427277372
1499899617
100000371869928
569845699
100000706894843
100002292209101
100002453281437
1449613026
100001632408636
100003629374418
100000117796397
100002613672664
681498058
100000427863930
100001470221023
201003310
100000709855062
100000578470277
1450643713
100001283735826
1831361464
1362636565
100002174674244
100000052286132
100000705135533
403644616361182
1321220717
100003331114753
1682335792
1796765689
698379718
1535889524
100000424268619
100001396546515
100002663271553
100000632920340
100000223813616
1388817958
100001842540250
100001625834783
1028834728
721024124
100001496545535
100000695236016
100000145280409
1553993081
100000834700780
1228777745
510586964
100003241225247
1011492455
1609887555
100002560336213
100000476814238
1846275548
100000356125187
100001387636885
1071910947
100000472017608
100002293073551
1289151514
100002419767723
1732079214
100000116491526
513595034
100000482682677
100000761594448
100000740943061
100000025762274
100002543717731
100001355096862
100001200690385
1790274539
100001448237453
100000827465259
1629452263
100000269866049
100000159644357
1328822134
100001518765860
100000277309286
100003626363841
1365271244
581765334
100002313815835
1180327088
100001370042103
100002331135059
1800202573
100002039525327
100004565473738
77801340
100000490322865
100000535434591
753943780
1361282156
1403038009
100000879218999
100004039461111
100000170627930
1544204258
100000356359113
100005297973821
658274148
100002068051020
554358055
100001623586683
100003602402140
1499425308
1244080157
100002073452761
100001719171855
100002526672488
1568016728
1414764866
100001922343943
100002586967252
100002440163954
220735127938646
684041993
100000121590822
100000823563124
100000366255637
594822841
100001644432966
100003345936680
100000302661416
100001797101390
100001962877692
1186771980
605886942
100001034444978
1263876656
1275350136
100001452369289
1350964325
100001308175902
100002675507267
100003933603836
100002579753051
100002335141664
100001261837594
48206231
100001145790145
100000936778721
100001311100972
100000536905064
1245577973
100002398359391
100000862856936
1374638395
100000291196567
1239373819
1067694024
755040577
1482763452
100000087286397
100000177722339
100002070369465
637401273
1309870263
100002971702297
100003837827227
100000815501432
1786872267
717367104
1265755500
580222740
100002914001127
100000129774997
100000705358378
1393204612
1271960663
1473777428
688639096
597886530
627048453
100001081539061
100005524957203
1193376438
1585772576
100000093416163
100000252609030
1412471548
1604245272
100000853672618
100000074906211
1535193452
631958998
100001192910343
100001732118469
100001247697561
540577652
797205456
1724577150
100001569407948
1430382667
100001382337118
100001048341713
1417492550
1491387550
734361908
100004849207144
100002204093836
100001576234945
1569056932
100000495600052
100000635753540
1278279440
1490165034
100000019021041
100003603975432
100000806835714
1802565499
734034493
100000396777902
100000481172670
1444360737
100000819001864
100001830198213
100001114902885
100001515924028
1117630928
1511905751
1422420549
1345747821
100000332644586
100002461128481
100002026267211
1093616967
1357862158
100001017315108
100001444716804
100000992355363
511100690
1555658181
100003356722631
1158843537
1687189942
100001190874303
100000739228307
100000152065310
1085512627
100000594772368
1238503422
100001636089213
100000004550976
100002649246011
100000289789346
100000455076849
100001568956737
100003090091949
100000190273937
1012361278
100002831874569
100002412258768
575907091
100000006079345
100000160813226
100000696560666
767034601
1357138199
100000109061619
100001103059219
1800856462
100001795057234
100000812714312
100000566312843
100002543587400
784520814
100002954218808
100000492000641
100000722403557
100001421173916
100001338120241
100002173181565
100002351776452
1227542146
1348181659
736740580
1114623772
100002180949802
1822275617
598194891
100001880930982
100001180622429
100000006228975
100002043677593
1413151882
100003664435369
1063734215
100002584131307
100001899504392
1784584614
100000679758389
100000886305943
100002658083244
100002889453665
1043648083
93500398
100002337288990
100000197404119
100001409454825
1612038086
100001801847153
100001147741434
100001997816014
1437477068
100000966329316
100001826897383
1451655018
100001689927933
503048455
100001487373342
100001093571067
808255523
100001676103221
100001961185193
100000694520292
100000057263131
1136908322
100002119738163
1271005033
1252885973
100002506302575
1565668171
100001115497218
748662457
100001706856521
100002610731788
100002926435853
100002405008315
100001097358401
100000817959979
100000919854114
100002536473904
1207560441
1286531693
1691646740
471666722902310
1136924672
1468463342
100000842957844
1193490768
100001563753942
1608421936
100000144957961
100000253505701
1295942257
100001374323356
602802978
1120624433
100000949177564
100000016725949
1686284565
634623562
100000080308611
100002545367680
100002121013095
100000740722946
100000725897781
100000662245988
668377871
100001523311123
100000457735092
100002282864556
100002482468401
100000413247283
1490575075
100000404274815
100003044898460
1722422467
100001176226811
100000146591141
1095618827
100000166106987
100001846502250
100002854705572
1050443390
100002291708991
100002155277840
1649415243
100004164699573
24500574
1828076704
100005026624618
100000315004924
100002269993156
1671262851
468779663174890
1396840253
502900776
100000007414880
100002072088834
624190261
1751108742
100001370643108
100000979574548
1250241621
100001596999661
1548939626
100002107031308
100000951571856
1379051764
100000568093407
100000740117103
1465043318
100000858350478
1500083952
622442583
1720110664
100000590167852
100001221703172
705374800
100002777198944
100002428007785
48701977
100005688727710
100000737223848
100002156597312
100002598553820
1766190843
100002219565414
100000488178402
100002824182451
1189569149
100001703681529
100000239172299
785505435
1004013021
100000893522008
775313113
1627865573
100000604322866
1507831312
100002152307829
1508280332
1777254008
1261427913
100002158730549
100000784172966
1354885073
622421043
100000788284064
1847373371
100002565984854
1634200832
100001889141791
100000594835249
100001416787840
100000183692831
100001744212274
100000324577936
1716137946
100000752085097
1272588508
100000326437635
1056754630
100001537691226
100001288159143
100000151072763
100002115042332
100002447624677
338916266224309
1222961854
100001678622546
100001064743250
1216629352
100000786127526
100000587474384
100002512493236
100001461822588
1604503925
100002435163642
749078194
1849188985
100002550433803
100001996021170
604984890
1589272186
100000894014985
1478207889
100002257527767
100003330823047
1721041673
608643735
1648004092
100003050892277
100000850186770
1811836197
100000035913039
100000935538248
1015675889
1331551460
1778936463
100000462892536
100000226289233
100001431556413
1511753377
1048430492
1364152650
768272794
100002279349478
100000413259124
1269081334
100000509844275
1823928431
100001391877769
100005100004682
760223240
100002363586287
1277037108
1235895555
1295796170
1032880165
100002462298091
1249714285
100001719192375
100002544757224
100001257692350
100000929280219
100000829882273
664157953
100004785789892
100005673001576
1271351821
100000598284391
100002299639467
100002087764324
1020698272
100002603076337
557880927
100000894109827
1575693589
1025346513
100001151936884
100001776421486
1657358985
100001630388830
1175330750
100001023649303
100004727948761
100003027836389
100000852641322
100002084783767
100002283683688
100005548262347
1220534333
685204870
521678213
100001612590331
1219927944
100000661720143
100000997999005
1764798864
1009870934
100000788076559
100005013793936
100001986387582
522219128
100000735581807
1557120355
1607271623
100000128265463
697738779
727336783
100000519220786
100002759173498
100002920467498
1094865733
100002699000465
100002984143113
100001080862446
750032543
100000139530479
1487746894
1716833108
100000951685069
100001021822499
100001101440364
1479521121
100002375576218
100000523866498
1586718372
1574401589
100001103128761
100002109794607
1209114032
1734832825
100000327849935
840428837
513052106
516720956
100000045248251
100000191496834
100002499294582
1293136453
100004436010722
100001087403955
100001545548072
100001222598851
1225069830
100000687889793
100001327287865
1330473811
1491878710
1718150307
1256190316
100002348334067
1754632343
1363562708
100000608026754
856772277
1036167413
1336897710
100001354643939
100000382151717
100001811546128
100001228288500
1016828169
622187457
1570269721
1086594772
100000943378335
100000310162575
100001497316499
1148959784
100002839881908
100004049151601
699071801
629724295
1722420464
100001670768686
100002932907403
100000334624297
1299424161
100003019835560
100000034445345
1507639185
1449643316
100001270060111
1500638669
1647197821
100003927740297
1552907940
100000185416408
100004503853823
100002765600933
100000358935308
100001228771821
100002540897490
1406945123
100000124306477
100002043629283
1180796239
1824863821
100001678889020
100001679462423
745274883
100001558662001
100001002102777
100000557833127
100000510284152
100000689187167
100001556931105
100000303535671
100003311543933
100002134226673
782241561
100000085763709
100001136749291
1352983910
1262072130
100001057372801
100001812646839
100000167837305
100002250432768
1375493154
1201745888
100003168368530
1507825000
100002785879633
100001032273105
100000479052232
100000740705053
1358648354
1364984905
1677131560
100001665189627
100002528197655
1106031335
734655594
100004952440868
1113913809
100001285633159
657652631
1342195959
1661905325
100000702197283
100000328451248
744640001
100001111154113
100003536215167
100001424194830
100001220418490
100000788523278
1106269164
100000197478156
100003860195905
1129937654
100000618415031
100002275894412
100002482768028
100001873645953
1527129542
1263798691
1351160603
607826867
368076353267402
100001643652172
100004475554287
429618433753215
100000120026691
100000985129314
100000877008412
100001668823322
1695318314
100000122137953
100001010579044
100002424750177
599054720
100005094577588
1774160578
100000307377341
1067764333
100003350197559
100003748135280
1001776543
1619595927
100001794087817
1093736121
727373706
100001726217398
100001215571813
1713742232
1283457683
100000170597988
736943618
100001104543455
100002912229700
100001335260902
100001709010038
100000653018489
1253763436
618246803
100001056728179
1323049531
100000987442998
100002095373943
100004286714083
100002602597528
100000797374885
563525563
100002350431519
100000583722428
1047867159
100001000119544
100001349033219
100004178529298
100000031794093
100002281320163
100000017766361
100002155661012
1144446796
100003840288863
100001128193189
100001000794951
100001420777968
100000527562059
100002286780420
100001236902865
100001744484669
100002325630482
100001726142335
593726915
1467592865
100003123488931
1212669084
1492159403
100000695544852
100000654797676
1320193849
1553903693
1770323350
1135669176
100002167822029
100000460792236
545616486
100002976612846
100001005544854
100001577711918
1346472114
100000251428880
100000957009147
1476168152
100001033119004
100002392167546
100005278724177
100003548624545
100002612818799
692027863
100000619131699
804247727
1122670227
100002484396556
1389794296
100002130982645
1356290862
1102813735
1612284568
1392064856
1424070536
1791885093
1199665199
1101233196
100000039469548
1002654413
1752924686
100001057885482
100002312531945
100001883257274
100001568461030
100000398733990
1607149047
100002262325946
1664910931
100000911468348
588567478
271719772844067
100002766732029
100002301016955
100000242217050
100001429578121
100002026624152
587672349
100000500689225
100001060513691
1019377214
100000285993048
100000422665203
100000349604357
100003336998389
100002242790716
1102622711
100000501217438
100000820236404
552548704
100001465760788
1523283077
100003038568200
596220580
100001632588801
1458317027
860370452
1581072818
1607768418
100000368430492
100000650106066
1218828555
100002442245821
1541166469
100001532152073
100000406755153
100003414443364
588865854472811
1006269540
100000895487546
1022091263
1550751994
636807253
100000443610244
1635307799
100001399595068
1263127107
100002522343855
1321868223
100002127266163
100000673712764
749066224
1275105129
1405999993
1776840088
100001522538156
100000274585215
100000666633383
1105893632
732295389
100001962211678
100001000443185
1413120918
685288303
100000715991482
100000234386392
100003897376927
100001251769773
1294996712
100000533472261
100000797228572
1626862063
100005655518277
1757943130
100000147370796
1052697067
100003399391463
100000863141676
1451623802
1355120376
759782245
1207490278
100003077526076
632128230
100000049324152
1209623545
100001500114172
100001314188010
1230907117
763296339
1077221731
100004351267482
100000742667047
1351148385
100004436162836
100001006194382
1424988540
100000547398511
100000901483356
1653830460
1045026840
100003486054929
100000102612154
1396752631
100000155533462
689486934
100001266626848
100000308659284
100000245973122
100000948474363
100006354995901
1156060341
1281245823
100001945493930
100000338671987
532825303
100002718770357
1225758616
697411072
100003880279189
100000489918046
1326897117
710406052
100001410412655
1419672482
100002151161386
100001792787087
100001495210885
1769313524
1403192323
1012922576
100000635282565
100004779870887
100000034411659
100004049082324
29718473
100004685103450
100000764431136
100001441120267
743564510
100002912084204
1489729186
100002284988072
100000002570528
100001187577505
629908964
100002220520699
100000428897214
598958494
100001969725489
1075907590
310160
100003206196285
100000673761674
1439611350
807230175
100000130487897
628402775
100000630535748
100000570598381
1607500844
100000976526678
1431368401
2800171
100000731252495
100001844322377
100002830085953
100002505065929
100000417354088
100002796369110
648769434
1349638115
100001599517070
100001165290893
100001791356589
1066276069
1507178492
100001011341137
1535467520
100000209591957
100000238339560
100004458695921
605353611
100000668480783
100002403385150
100001646041844
100000558707457
100002414913382
100001782095122
1409645816
100001404028563
100000823181362
676376832
100002424556946
100001656130820
100000508784212
1797676191
1327552933
100000132834576
100000215990163
100001589846308
100001408018937
1463586913
100002084865170
100002161937478
659047532
504012174
724123161
1258308451
689981444
100000743648465
1034072704
100003166653875
609231997
100003897328615
1271676107
589959491
677710966
100003118178071
100004953093830
603545161
1570281654
100002979937674
100001622315097
100000701010587
100000799425872
100002819213758
100001429772428
