1555626388
685946612
100003734985112
100001768381674
100001328216572
1083511588
100004053526320
1634853878
1623047968
1006729939
100002970295560
100002537198411
100001659964813
100000777529947
100004134811453
1333505117
709929363
100000232342272
1089068523
1086464574
100005696648150
1549434928
1822147502
100000500368205
100000170610466
1313425478
713443550
100002406826361
1066719302
100000778368249
100004039824684
100000316626322
100001517709939
1110635943
100000139438706
724109497
100002305966436
100004541163803
100004172894024
1207843230
1364765717
1597339640
1165321621
100002331146608
624475219
1193889970
100000888488419
1352026691
100000200857489
100000711826265
2314859
1352961370
100000651162820
1407227790
684848202
100004125184477
1646544231
100003533419429
100001785756848
100002928720916
100000377545563
100001626694734
100000604814239
100001771785953
656306329
100000511361271
673979561
100002949561988
100001098825836
100000883847738
1440559005
100005081640972
371418872908285
100000787386665
1171956767
100004545070341
100002835436584
100004288809707
100004974042213
100000808667290
100002066047421
100000857303086
100000912702923
1053721967
1327655253
100002558015529
100000491851543
100000713398547
609367787
100001877560051
1281581912
9383768
100002807044036
100002151982832
100000020649968
100000162279752
100000266838261
100001802300821
100000081427026
100000261886825
644440284
100001261441564
100000746120664
100000927081820
100001194332193
100000265520581
1755688220
100005197293993
100004150830209
723883025
100001125086505
1658031612
1259181069
1482829261
1108216162
100001250568950
100001255674764
740742570
100001050313500
100001074519576
100000786874688
1029395311
1604539768
1423239827
1344865342
100002906981841
1312666111
100000263998707
100003246269120
509447906
1357492450
100000582356970
100001021837085
1146826936
100000455063284
1825085398
664794127
100000505067947
1054405290
100000111662564
515108095
100001087738132
1542305502
100001145869275
100001247625203
100000689419488
570319572
100000514038055
1558940471
512834876
100000010787497
100001885837254
100000617501229
100000900862552
764395773
1482102337
181161142003273
100002495501518
100004277704203
100001278626775
100000532693492
100002190422476
1797766849
830010045
1683620932
100004006746339
100002469137529
100001350496273
1301032
207516719262545
100002676441492
225343424221246
100003152713966
100003544154286
100000782547233
100002539693754
100000297698273
100001422904045
100000406980418
100003607655532
100000806799621
100001269325641
1659589943
100000117912342
1554140799
100004042539470
100003238992774
100001926090002
100003765074996
1506189155
100002059788204
100001112402337
100000619179920
100004424138597
100000769791932
100001599763624
1185898177
1816858844
1759581801
100004088989343
100002453733555
100000683433633
704447713
100001455261150
100003811996018
100000172994009
100000598413539
697618392
100003381949085
1375021923
1007091358
719925801
1650961627
1147362529
100000884761588
1511272850
100001389445482
1304016471
816409340
1666055814
100001190682045
1596249523
100001457896417
100000654324392
1086830887
100003510124460
570035636
100000294740824
100000885215192
100003021258047
100001285142475
100003670722871
100000605059702
1003848117
100000352526742
100003192016498
100000084360659
100000678428348
679577556
100002991474708
100005184425306
100000467792873
100002208253812
100002028395133
1486501370
100003390952419
1710353368
100003349071508
100001235922803
100001092927697
100002215369283
549400189
1423387575
100001204153142
100000200495173
100002550523196
1082652282
100000746264845
100000148714882
100003181805271
622597958
100002142163076
552003845
100000152378079
100001614124129
221505714566325
1299647501
1667050141
100003886429763
100003470551152
100000989385108
100003642775015
100000214527382
100002209194893
100001081177835
1030158540
100005380260843
100000332845268
639888633
100000898841009
100000387127106
100004744333070
100000329667034
100003370552128
100001833912241
1525784825
100002525642935
100003907862831
1300693717
100002246373227
612567206
1601221644
100004702440265
100000540445289
100004449282106
100000617870988
580831181
1348735329
100000169792433
100000735870582
1461547246
100000804505699
1839784753
100003901825317
100000580438460
100000015208030
100003172645463
1747108139
100001619168686
100000493381796
100000500701290
100003291383721
100000404888297
1500247661
100003987946864
619966432
100000877093811
1371480544
1102380047
100000430362483
100001794333939
100002198485165
100000028376370
103035253123731
100000293162767
100001099126377
1141743629
100000556985670
1015752235
1642837981
100001847274716
100001343213280
1005540269
100001524721138
94059231840
1281328414
100002545016072
100002150425114
1843860662
100003548542140
100001474911961
1817412303
100000833481577
100002937180577
100004212451989
100004350514056
100001124503547
550610097
100001540824444
100003036170793
100002219543811
32817742
1347802363
1379806854
100000723467401
100003992545696
855717295
689591667
1629637960
100001906729826
100000122796789
100000387716801
100001747934173
638225950
1702442392
100003476915300
100003721351027
100000128291274
100001746514744
100000224686773
100004094197959
307074109409970
1377399303
100004870811551
1438874400
100005016698328
100001139223244
100001636817790
1728082707
677284839
680300453
1493796930
100001225170121
100003476285688
1568706641
1282951117
100000614915197
1017167340
100000707052842
100002143567361
1373154228
549229438
1454673239
1321406310
655589128
657078912
8822473
100000442598765
1650577328
100001022213204
100000740972121
100004145764608
100002192790562
100001648961091
100001275632788
100003127548387
100000927692447
717485759
1183242984
100001310283209
100000113478234
1185980936
1362702384
1191627834
505391632
100003437268393
100002524095492
100003741581999
719504921
1619935834
1188732171
100002958946821
587281802
751600189
100003291940144
100000113053438
1040520432
1182074868
100002270966712
100003873824029
1200271017
100003081246480
1389410568
1542352860
100001932513901
759725106
1841741814
538523240
100000711349963
100002204193014
100002564044897
100001342833954
100001265495882
100002550618692
803690477
1150053098
1098204585
100003584975242
501679459
100002315157047
1003936988
100000310922919
100003025789061
1589767601
1790267863
100003017962079
1455011146
598488976
100000533057364
100000090410949
100000581813222
727040534
100003115366155
100002875590656
100003599645619
100003014933943
1368519218
1765494709
100006103269761
100004418863724
100001269661677
1493108480
100001870569975
100000062932000
100002434431501
1302664749
1256170247
100002189813703
100001547335169
100000324757806
570599020
100003257606330
1269737618
669420959
100001585701732
100002328255116
1004125808
100000766952329
1450369413
100005180714168
1491499611
100000046983123
100003380732920
100001761817039
510089638
100003620855768
625710103
100005009973548
100002822877666
660702344
100000552815447
1761666591
1409959788
100000925752682
100000550284264
1147232173
100001857391551
100000909979723
1130361866
1050160648
1799242560
1049256488
100002267681917
599344582
100005174402532
1539918709
1795456721
1838328133
829370706
1191665212
100001708054343
100000078765909
1490449857
1583960722
1653872744
1671432110
873475244
100001323472601
100002872646210
1625503901
100001840119057
1415045009
100001310178263
100003832228603
100001826727630
100001798653741
1477044760
1777702714
100002156315190
100000391637140
100000151650429
100000422349014
689120402
1146926913
100002559334785
100004146012427
100000645459673
1420655601
100002595610548
100002003343796
100001222197189
39502372
100002389544643
100000194439641
100000281070993
1318560556
100003859118815
69200364
100002036449449
656267913
100002641663514
100002566862065
1026663453
1635313101
100002033647561
100004116132164
100000081885044
100002033752698
100002572042292
100001055268526
1211755779
1344811965
100001454705258
694122344
100000160693562
710321875
100001146080575
1190447598
100002150078379
1148036199
1075142453
1551852700
100003606497615
100003611935385
100004009338985
100003819712414
1161777464
100005513072059
100004143662608
100000394214543
100004823829633
100004891200140
100000704848582
333900008
604884198
100002308727982
100002578626742
550867077
100000785498987
100003024323559
1602805928
100004284372562
768667663
100001386680074
1832946876
1291327806
100005875304418
100002837805346
100001784870150
528102409
100000504642295
1498733693
100001701727642
100002551900073
1581919698
604124073
100004609142568
100001194372281
100002210863414
100001898416403
100001703304639
100000063784427
1566475479
1112212906
100000259594286
1414103630
543470750
1535886259
1766038423
100001352313120
636183236
100002296502354
100003826982501
100004306664637
100000181789077
631996135
1476497082
100001773913570
1205927028
100000516909315
1026261181
100001516366178
1197001413
100001898167395
100001136300912
100003156162429
100003690374407
100001703762700
100001022030398
1243459072
100004992212979
1479625980
100002723815134
1729832392
1387272022
100000024920677
100000064857447
100002742495183
720493120
100001636292160
100004877226347
100001609047671
100001735240819
1468086630
100001433518575
100003248869953
100004157141557
1302846191
100000058915208
100002236367189
1147191978
100001433017435
100000095891792
100003582341259
1313927976
1253697003
1418569406
100003052783502
18102033
589158553
100001191990730
716185065
100002808086476
100003735651362
100000884148212
100000571763945
100002007365096
100002195576223
1198339833
1037762876
100001617948605
100001045729958
1761834005
100002264733577
100002067424296
100004011804024
1038097633
1485520963
100000264015341
100000090730436
1558059907
100004411000979
100002506027397
100000364885735
1490433460
100000485577485
100001986258970
1172583518
1067756465
100000005964557
100004459450289
100003687628237
100000274673229
100001176265445
100002922538129
100004358894136
1664373606
100000559682676
100000210255059
100005029297681
100000587217265
647130514
100002178242038
1228325570
715058377
116686715050094
100002753393400
1735110923
100002623865120
1440021572
100000305967855
100001462004600
798605135
100003319086770
100001942092293
100000901001978
621626403
100001938737117
1303726728
720116750
100004512612522
707170169
100000648856708
100001359125696
1493600391
514337803
664529079
100002021199548
100000501521225
100001464204776
100000584752148
100001899566139
1020893832
96600522
100000532451636
100003515981712
100000312664740
100003070655730
100000617393612
2812763
1280822913
645135579
100000687519850
100003941284151
100001405520374
100003607515382
100002308545140
100001050699153
100003212853233
100003568555603
1219081325
100003919752675
1632945059
100003992022094
1585056884
100002527733305
100000479175617
1844457264
100001984192071
100000641633367
100003474485297
1474257089
738368202
100001419694290
100002839856092
100000484798128
100000112899748
1207057248
100002242832495
339988149360940
631408200
100003052513252
653630467
631789884
100000821652689
100000098400847
100004224992705
1364799222
100002904726061
100001105872445
100001345921009
558984200
100002625788897
1182701472
100003552778265
100002344970879
100003655214696
1301164313
1038327031
1569578466
1638531492
100000017269246
557885367
100000442860309
100002213587539
100001965637721
1191943844
794710298
1159205315
1408722246
1317881578
1077464700
100002085287601
717580482
770450231
881620709
100000453650557
100005111586879
514606257
100001588851897
679100967
100000542871036
1580037179
1605575798
100003797303158
1391076339
1335069580
100001529780806
100005776802238
100000480234594
659163487
1079790135
100004696773871
1175419325
100000041148131
100000110152051
100000029016227
1851752661
100003102825790
100002992259280
839295611
100001511408910
100001356723755
553798135
100004846184214
512114126
100000115940178
100000620147355
100000182416274
100001203278054
1607580365
100000752017488
100004158494506
790459878
1544676329
100001016426545
1434264560
521676265
100001161658163
603077856
100000147550963
1221254021
1188635668
100001930742790
100001755127151
100003371705347
100000731428844
100000572367312
100002095852259
100000710682772
100005107811338
100001972450771
100000569541181
1342456403
100004744506125
100000951182879
1034826041
100003555286066
100000608784675
100001216554889
100004648114247
775969182
100001142314818
100000745467866
100003065152691
100002608856788
1446657074
100001626005489
100001765972185
100001032990323
1574041960
100001129352851
100003470182806
559889093
139772046039449
100004411357289
100001731552752
562392441
100000680261958
1257342428
1611490371
100001318857677
100000064172529
1045745690
100001866010176
1479518970
100005675680249
100005202690288
100001388933332
100000632710543
100001465930079
100001102460898
1020332648
100002455767023
1008312071
1095286551
1190770543
1101237580
100000127540533
704619436
789464253
1341541210
285449634798866
100005891923917
100002252558244
100002143390176
100002590801061
100000213007305
133520760159691
1759341790
1216196
100002158752531
1304861155
100001436697658
100005741322413
100000174183810
1312853538
1556800954
100002728919049
100004047084951
1250104627
100002451245963
1432751285
100000688733400
100001644233253
100002186847070
100000361013533
100003315078095
607140170
100004654837301
100000743564828
100000275609397
100000842272568
100003595381767
100001152309355
1610326418
1246688037
100000017391999
100001829938913
1149495208
1846495113
100000727853294
100000542404796
756604720
1304800134
100004033175427
100004238707029
1799225443
1468336083
100001222898359
100000261930803
100000738148824
556827813
100001620108861
1088922500
100002302996996
100001524191846
1135584546
100005700512051
100003578488464
100002288299355
1786497416
100000022490528
100001028790373
100000179886504
100003335826327
100003146308265
100001932285580
100000451404485
1522909955
1570272194
100001439740046
100000625742310
100003214916630
100000297241253
100000650350115
100000899545240
100002664043338
1040274493
1249867409
100001427605927
100002416365344
1398229165
100000160770528
1178585651
100003278291063
100001865022690
1093620448
100002189303864
1283572231
100001320544378
100003212036950
1624210176
1541688257
100000780925024
100002345655469
100001326637151
100004024960079
642034314
1296901455
100000492315410
100002659240862
717546326
204700333
1009171433
100005434451252
100004708022228
1078909125
624921382
100000396501796
1172395985
373239656022776
1560445993
1178817295
100002221097462
100000667836368
100000008311549
100002041087255
100001237637770
100001059408230
100003849638028
1513603234
100000188383249
1704817358
220899881269246
1107453030
100001942432409
100000042003504
100002223808176
1436751562
100001121139276
100002817331272
1172911410
100002101939247
699901864
100000212550246
100000155197204
100003508995931
100003562905916
100000110652830
100000818732953
100001060785042
1288005601
1231591221
100004433912189
100000081909891
1847408839
100000373054755
1817265459
1789682500
1428922291
1699022710
100002410939302
100001927897605
503513136
100003519203436
100001699203386
100003882392058
1745475400
100001591864485
1811141394
1071266216
100000511494280
100004679712232
1236795761
1375281381
100001214613900
1042674426
100002289791811
100001940373733
1197632713
100003519546022
100001352141498
100001999437066
100004223591594
1085868638
100001074119017
100004062633984
578163377
100001997772576
1378295660
100000477856655
100001655974721
100000871881510
1469373667
100000662021844
1711513755
1396787514
100005067126765
100003571897560
100001261567877
547871932
1434312118
1030083376
780532322
681982524
1301357834
512654820
100000240325610
1451715013
100001601287657
100004659394891
1627483187
100002553399920
100002568546427
100003986950679
1649688824
1107336044
543585656
100000566882097
100000595886709
273060106049193
1818391453
100000564963763
1651327927
666060490
100003531821163
522944436
1470891257
100005447321018
100003759046659
100005146901518
1341889393
100001930328351
100002554927182
100002840925965
100001214393220
100004233095184
100001476464994
100002615504573
1799266757
1132440292
757689218
100002331189551
686043619
567734306
100001038006915
1421720652
100000926948052
100000302040545
100001202260330
100003508685082
1024868190
1552278717
100003893250877
100002416498268
100000162185638
100000889482973
100002839134488
1044212562
100000646830018
100000548383426
100001308363957
116583408445589
100002648764925
100000187420626
100004038557555
754467707
686155862
100000855102938
726902571
1480834708
1595259212
683991873
100000713859832
100000350155046
195080017206987
607362169
1623207009
1255195940
100003790543265
1115274600
1728233288
100000228912314
500889574
100000441607364
100000527637687
1804450328
1030533823
1280353124
100001410358736
100001306609599
100003393210861
100002001428855
100000279621589
1757200336
1627040606
100000302897379
1547120685
100000859936086
100000089563858
1407431019
100001196806249
1608214328
511446194
100000131027167
100003142162165
100001223240024
100001086885739
1660268147
100001305834723
100000568809627
100000841518022
100005031483518
100002593106601
100003501319552
100005520910212
100000287219208
100000484803120
100001709648174
100001411762636
100000785294281
100000509316516
100001261370373
100000691713757
100001009159772
1433912827
571051562
100000127566214
1531061676
100002032282213
100000273415506
100002297558941
639342228
100000767509390
100001631850987
100000873024552
100003687223810
100003195036604
100001352414280
679342011
100003732496758
561968359
535367195
1070869174
100003093892572
100002046827923
100000044692540
100001136560829
100002123114569
1049821498
1104960848
100003771658510
1025719395
100000201494932
100000151824516
100002539669838
100002049202448
100001662872404
116615748451328
533050308
100003627129802
100000272357474
1847911989
100000074847128
100000539143676
100000485981607
100000634334840
100001421328824
1138942650
100000379541747
100001007235406
519327108
100000367613617
282709641836039
100003726443126
697888644
100001410544395
100004062260217
278125692228637
100002648575502
100001294820269
197103849
100003013415031
668500264
100001522877648
100000578136415
100004022801396
100001939723214
100001455721424
100000051007022
100003026469985
1831833285
100000965335106
100002653758207
739395030
100000228974356
100002212205774
1646988885
100001417577426
97406985869
100001407866914
521252694
100000656035354
100001796090347
561036087
100004229886812
100001259801111
100001971313806
719607075
1607285089
100000737663120
100000190759642
100001513434644
100005617059608
100002963012720
100000374825810
100000579716900
1342262515
1408720193
718557758
644874812
8207378
100000253249630
100000716258731
100000492832345
100001171283975
1332061494
100002489836464
100002759675387
100004100573286
100000635499948
30603638
100005337398633
100003300367988
100000337114163
100001566101093
1291808984
100000511308272
141201976
100000342486379
100000135450907
1587040529
100000551630299
694908194
30310187
100005432520199
1251302512
1708584835
100001330901216
1646380822
100000717977653
100002217998876
100003560782411
1240700244
755545532
100000993557803
100001457348383
100001135390597
100002713489798
100003712209886
100004483567625
100001463047018
100000512230516
100003738206374
1597297599
100001689991279
100000764515247
100005245064550
100003734929413
620386994
673337779
1691240787
1395473213
1336193554
100000616607438
1127850427
100000772655210
100002836220203
1420644980
227496857280900
100000072115402
100001415060134
100000573893354
100005164026250
100003611735465
100003561344293
100002171737232
100001868348452
71302766
100005807233259
100004959150260
1020720831
1097083484
1624836636
100001024695408
100002454226275
100004238522559
100002256321359
100000523481666
667951725
1648811324
100003164813289
1627571456
1402261465
100004668038965
100001273333037
100002628122746
100002570904347
100003750475236
1679048589
100004927268240
100002986879876
1239803406
736605335
1544542251
100000468692288
100000288613552
1128577094
100000444333864
100002285732375
100000893761315
100003340285143
100003741502446
100001255248248
100000132997792
196299740426541
1667222777
100001258540216
100003994068936
100002462200762
1197240676
100003004937666
1180607624
100002284444834
1505299272
100001655346662
100001720284534
100000488055403
100000849298294
100003735070759
100001663503817
1362285022
100003653217312
100002882867649
100005461569393
557934435
100001746873649
100004481733912
100000936376961
1355326474
504871472
100003916581940
1222628
689556463
100003593516121
100002760622102
1236819159
100000830432147
1080136679
1273301721
1399867757
100004616263298
100003548624545
100003051103498
615111507
100001724980505
502945375
100003587436801
100000447871315
723755470
100002932994280
618977954
100003473316886
1292310880
515163384
107500238
1657290210
100000330325533
623292403
23802596
100001636688886
100002557850885
1137596105
100001447992780
501169017
100001512955362
100000168842950
48006009
1672647335
100000975137943
100002142163416
100003821096364
100002291881509
1378105335
100002245064062
100000990109266
100002748410820
1503381810
100002939361274
100003071867980
1358984121
377492475677194
100002632562639
1586896338
100002343554014
100000689530223
659228478
159291817465466
853129395
1217550175
100002787984456
100002772547294
100005487343631
675027409
100002009989756
100004277430078
1363187668
526567609
527315601
100002467194418
1214025465
100004474090497
1192170565
100001055962262
100004202947502
100002132629026
181323695218620
100003180955867
100003779582203
100004540412860
100003535560224
232243933495956
100000982941491
100000433846782
100000520608095
1359309261
1785252807
100006061566455
100001123587528
100001037604148
1465262114
1841368338
1784061894
100003006974656
1586056160
100000482226315
1559336853
582989964
100002175031002
100002152610159
100004072597778
1146867505
100000214838908
100000011769931
100000744800229
1249490940
100000421640681
100001805947637
100000844011291
1005713683
640325985
693521941
1266456802
100000322273659
100002455055718
1042351236
1648354821
100003484656218
771130116
100004253108251
100000475806591
100005139998059
732946197
100002303947606
100000737629304
1504527922
100004598018761
1642202771
1428174552
100000417856695
783379991
100000018939140
100002298612117
803503909
100001674150599
100000732299215
1326185993
1053786675
100000165270394
100003313004276
100001911014816
100000568083795
1403652499
1071910947
100002159781451
1203822428
100000466657893
100003753285346
100002348330117
100000200376082
100002857021775
1546172911
100004950541638
100003693864055
1329781213
1673616493
1664973121
1420941796
728121941
100002335203120
1253978222
1220694690
565946653
100000740335169
100001837586169
100001766158566
100001141069601
1429457239
1403085973
614677749
100000886907535
1545173624
100001033496066
100000371431901
100001320896426
100000139274079
100000149858060
100001480996162
373000126076778
1235081264
100001082405373
100003342036764
1151883235
199983050079432
782101762
1530092179
100000485643486
100004036159157
100001217094578
100000987769628
759167429
100000051017801
100000394077502
1544906929
1737122499
100001534381818
841140631
1766907750
1591454903
100001940346491
1035940432
100001633074907
100000984643341
100000818299462
520809154
100000126982062
1133373921
100002261260243
100000913300731
100000075667468
100000170854464
100000212378861
100001187156385
1548822333
77001270
100003893569590
100001291716252
1786851827
100000211881651
1528674264
167611959264
100001997028785
100000789156952
100000163773120
100002159191213
100006212886629
1682332953
100002176301980
100000205817777
100000383120225
100002184378677
100002926776611
100000170253952
1357065286
724883066
100000178399577
1591881271
1659321363
100005132944359
100000359820739
100000794010097
100003629894098
100001262300195
100000233703282
100001073192608
1268153695
100000004890632
1006322779
100003240924712
100002875102282
100005520480287
49108359
100003466264373
100002263180038
1395308242
1649627624
1085700052
672442581
709510724
1496731029
100002627425275
100000524772233
100004385910017
100003499114994
100002841141796
100003859770066
100000031171361
100000507593746
100000136746013
100000223902172
1712743444
100000162492540
1023532499
100000247943550
100000709073998
1543324958
100000378688092
100004802018783
100001982033104
100001736599325
100001692974374
1150466000
201821646521283
1328064247
1192012224
818334173
100000251956175
668320124
549067398
1263072208
1261957681
100003805577684
100003225908986
100002749831791
100000409143785
100002388890308
100001495408038
100004982472197
100000605520050
1574111404
1520517586
304579639588438
100001554922489
100000336932008
100003769549401
558428156
1402721129
100000074625037
100002655974458
100003786377063
100000832038925
1553020400
100005914532726
100000529108304
1733545366
1167009978
100000243246018
100003040148325
100000829744054
616545079
100000183223571
1325644749
