621463392
100001503142273
100001427982972
1641145865
100001450544058
100000281700959
100005381855964
1170658686
1089416351
71202740
1184225605
100000387773437
100000577867060
1199754498
748146097
100003805216371
1319659624
1425323176
100000688145228
1063303252
100000375413927
1178123542
100002194578550
100001892671919
1638960439
100002270048490
100002240560239
100003786626439
100002305937756
100002942640954
100001618432386
100000867911256
763467779
1446793603
1256976121
100001960757522
100000775294561
597951747
1248421569
591593299
23705678
100000910467382
100002809309594
1199741175
1061170255
100002554055520
100000338746887
1495953483
514140155
100002494434716
748110093
659062861
100003481552842
100000631772740
907250426
557369294
100000284905237
100001683928275
100001012373597
100000939852164
1502746707
669757951
1507965116
100003398044283
100003340718674
827205596
100000501863217
100002003658495
294836025817
534378574
776544730
647931194
666966868
100002890600466
100001872207039
100000251291651
1173140055
27049779512
100005063438496
1292156250
42705070
1287319183
195391763810577
100002111066486
1169752302
1488950806
100002893035833
1054680224
100002161025259
639866649
100001100444453
561660805
1576119830
100004637288800
653773000
507175275
100000362520904
1482219050
100000291898553
100003970687385
100003738093624
100002507917144
100001306487945
561572252
1625025859
528030717
100000691869743
100002360469328
1420852696
523577824
100001833864279
121784301177120
1199580086
100000278253772
757368593
733456064
100002072951130
100001395628195
510294743
501182262
504419580
1512625304
100003476370084
1677026954
100001935574401
100003158866244
100002633410881
100000180542121
100000653766345
500076314
684615259
1325740025
1593614277
100002404329594
110315382334467
100001878754455
1596594863
100001471095862
1247234695
100000845860143
100002673074713
579958407
100001431066847
100002132876316
684762604
100004138205663
1669080122
100000767149891
1478289864
1089192223
534525624
100001362575661
1294772896
480193705330883
578892510
100001939903788
750807284
100001127755962
578895235
264963196915789
553119669
12903443
100001891095828
100002387033414
1246623331
100000762199378
100000324339899
100002385186072
100000310271626
100001612842628
1626921486
1119926192
1262306830
593444205
100001200253351
100002806905801
100002168979275
292900715
100000546895320
584010769
609670102
1155000296
1448632060
100000101375055
1553105347
1275778195
100002533313180
1730731763
600206809
504217768
1563678923
100000011104129
100000202100694
624138058
100002553359265
100000409017820
100001578996641
676547511
1229670113
100001646935947
1503065132
100000274204921
100002282686772
551724561551338
304341224352
717931520
1275745074
1595494294
100002660025096
100000297370519
100001272054577
100006123012982
100001318628485
100005249734594
100001521764729
238995222899836
758494482
100006201003808
100004282321473
729275073
1253847871
586335514
1355364689
624181338
667706094
1633362329
1646498988
100001044758834
48600256
1241934773
1792684074
1236557698
100001896639019
1292584831
100003116474852
1501839740
1565561291
100000752216735
100000015320642
1661585578
100003152032391
100001971353061
100001432715731
1204005826
1365784360
100000528305754
100000882107535
100002194486044
203821409654841
708231089
100005674054785
100001734235142
1042057288
100000677969210
1059413585
1068099773
1354567105
1540984760
1441570764
100002852384218
660831385
100000080261276
100001712078336
100000001823914
100001901746627
100000266450995
100000001096056
82177102280
100001222099128
1197346311
52707015
100003325589190
1146386142
1213458746
100001204941275
116800238366806
1006599653
1216378045
500285909
1035880003
1320313955
100002399582626
1630836646
1312917353
100002422565585
1554342892
1557052264
199122853475469
516627644
100001887012925
618644133
1446952328
571714937
100002291702988
20923599
100000396513390
100003574280253
579922899
100000164211405
1077134834
100002380568798
638633312
1472342206
100003180025265
560341884
1019231846
1541414503
100002356063947
100002043872134
1059666075
1584414081
1337440661
1661680952
1791739446
100000605108532
1587189842
1349090030
1788817800
299000539
100003022878632
571674821
100003648952264
100001085613772
100001201542393
100002211879928
100000125722911
100001498831114
100000975964779
1392187213
100001048209076
1653370925
100001510622375
100000460140350
155935937769080
117726394172
321704771255582
100001610831897
741002764
1452880842
100000098301763
1362775979
1018238088
1584553238
150854444949546
100003601200048
709972827
100003472430889
1251142762
1463114257
100002849518424
1155586560
100708583349547
1661447437
1138720286
1404811417
100001528167753
1548048040
1457890266
100002816616494
100001129807559
1615570635
100000822765899
100003456384734
1594359271
1906246
100002160675544
1393004981
100002799935897
688353532
1152496986
1014943194
1578940488
100004727527381
1575431560
100001101637075
824574416
1453188102
100000248866457
100002162383519
100000159022527
100002327935472
500020548
100001379639005
100000928082922
100003975478839
1035396540
1482067169
100000917728144
807755206
1079784253
100003321349099
100000294072247
831210272
156697214384984
593272671
100000462020522
100001296896634
168550603171784
100003675171378
16115040
175282475857100
100004750020496
1147868944
100000633786998
1607272010
1118200611
1250170702
188100124
100000598608349
100002527709048
100002866298267
153580048049016
1432436588
100003695035865
1514095953
563555013
100001992171347
100003503928550
1541027820
100000551948923
501208376
767843648
1733203045
674092640
686849631
560249321
100000702909338
100001998474746
100000701010902
197300666
1074536146
578055488
1681716594
2901662
100003880561010
100002879196880
579631147
753099705
100004145829413
1539182539
100003405426228
100002936185339
100001237474767
100001381328277
1566710914
100000138115869
100000340930530
100004872273445
100000918072814
100002739852435
1433564828
100003096809023
519761274
288555717836097
520142105
100002260848751
1791006034
100003403584711
156371281130108
100003885760230
500520277
100002711283152
133143476701097
100001357145378
1602500634
100000831879777
1621585866
100002637408091
100000902316841
100001959062328
32302039
1643796131
100000819416977
101656233243766
1001555439
1411662563
100002635898013
576438706
109184940232
1491947127
100002381947556
100000398331588
100002603113666
902570706
100003346753233
100000978100122
100002634270094
100002509886157
532638084
100002039114250
1349267268
100003136927273
1312854869
100000935189235
3426312
1485950244
583965638
100004324184017
1635920361
755784311
1190006123
1826260419
832501596
1274940566
1153167924
1495161445
100001082644938
100002304821696
100000318817562
1331008040
1477934326
100001193629820
1567176412
701785992
1339860077
1068292007
1470885593
100003679885632
19608149
100003750488583
44902555
675231912
678791049
653021162
100003288698433
682602453
100002884380459
100002909454589
124204341093648
1348034813
100002494638979
1471410886
100002013465712
100001798626692
100003684461859
5902282
715196848
1561701679
584556644
564314238
100000509454365
100001240631799
766978707
1209882986
683768883
100001175916621
645907189
100000067351662
22900394
1460383328
1779235624
581415129
580305378
572436991
1048287220
1056175506
1306507688
100000261858829
553440399
164653866909849
100003533387714
1340535707
5310557
100002275201111
100000210623597
563481882
518670344
100002902094655
1074187818
788689818
1451002948
100001908348351
560773033
1470367061
100002263385533
100000834534804
523391279
100000896783510
1641074487
100003120600337
100000653250236
1085923847
100001332381042
100002554913143
503782221
100000894941552
100001389815432
100000260749054
1635932042
547697332
647667251
172746142771434
100001472042419
100001130389825
720567665
53601271
1484233216
100001109463328
100002239210759
100003001755523
100001513978960
100000147598115
799685230
1190032215
680652051
100001814096149
1490567727
26301602
100002682416165
1099571166
100000206230890
1452144732
1400386594
100001441155329
1545724984
1629914805
1752805509
100000040804226
1837716986
1668662285
100002010393224
100000650163714
100001981822359
1543482445
100001317520748
546767328
1022019438
735618460
507603409
446823658670977
1113917109
100000092975500
105556866165552
100002567915448
518448875
100003681694479
100003384538672
100000703273444
1555070525
1575132075
1486315446
182028718513188
100002906982177
100000188853482
140441719362483
100000072857280
680786617
100002294102563
559271279
100002382281421
100002124710249
100000005372688
1234018222
1402303166
100002229965351
1729173449
100000424871381
100003076596056
100000231169579
707927859
1055384183
100004129861814
100002931152950
643460633
100001693441458
114314668644924
1423749559
100004242550022
100003653766239
100002087356899
612000804
100000751129618
100001281122287
1644649177
1133449957
1191577555
100001168539130
100001780706659
80900036
68134639
100000452565051
100002632954077
1494715398
100001945500462
100000094533888
1591217769
1208611513
685430668
100001946114401
726786821
100001550730208
100004854039061
1847236590
94647408262
1234869931
1030316427
1291281935
100003521486414
100001806457424
100002322380190
14803784
1196695506
100001592853728
100003721014998
1358520657
100002422279212
678469568
1601117019
100001290374609
602708910
250612694962560
100000636944552
684417065
100002127224941
1244421500
100004033532372
100002099084712
100004454554775
100000722440915
1438055750
100001210333559
1158426271
100002631150373
567753681
100003723430850
100002678743844
1049391005
1532245293
100003965193369
599111238
610214561
505990720
621054950
1176265056
100003153973482
100003282054899
100003687158464
1550055815
100001241841743
100005796182031
100003912901476
1068432512
1548035326
627286920618448
768488866
535470819
100003673963203
1396613927
326386230759418
1062065873
100001983177025
100000544805682
100000749876281
12434699
1588048000
1128734892
1143765706
627670033
1403712633
100000436644651
100000692097579
1473647896
710217313
100001794847134
624802188
112444112118706
740000984
100000796821044
100000764698441
646912297
100001156951526
620887878
171431499581081
253685321369542
100003406211229
1306158769
1306479635
1131967394
1015848078
604744342
100000354558840
715085621
100001377436218
100000907928141
277529378976003
126127104158903
1391251871
100000863326110
1301711260
30001225
10126295
1280434242
1469024521
1637192175
1017929518
1376679727
100001968423544
100003001705351
131072306952202
1666123440
732597146
100000128901284
100000436666843
1226647532
1249364841
1010889121
100000274625852
1302298680
100001690692746
142751542459292
1591373870
502137892
100000841042679
1467103873
100005763610598
1486906514
100000640418381
100002319930007
664067063
100000520924504
1145131474
100003952185998
1105800433
733337238
1148783963
100000169295441
1232082324
100006405632735
688007673
562428579
1291320121
500304172
1556101945
1412326037
100003611907698
1802220020
100003778896467
100000473163008
100000851413319
1506703996
1468700856
1063130758
1224821117
644405484
100000471327448
100000957722603
100000927894727
100002150883498
100000846881134
1663179867
749252246
100000146043412
100001054377793
100000847947528
100003120993730
1321723546
100005461263764
100003310368335
100001432763934
1320623762
100003138781452
100003157340284
1580697215
1626822130
1476256047
8001253
601075251
100003719504236
104879886237868
633967980
145806076354
1032613706
1425263462
1291206456
100002938564866
100001347178219
100002869099656
68600596
1659348441
100000658172107
100000917012657
100000484000727
100003101394564
1771223931
1753585182
298093696902403
100002327491470
643488446
659988243
1603364238
100000060439743
100000958810356
100001806249851
100001950079838
7700231
779333502
511240048
198512343516506
100001254134502
2333995
100002525631425
100003162888356
100004220165367
311351355579084
167357209944081
593434004
100000271300382
100002328280046
100001456742711
100003758103088
100000558634076
1439585662
100004796380777
100001538086460
100000019165963
1278182353
1011863830
718761574
100002082021133
1556037988
1847160133
100002213419853
100001410430519
1296481532
1707113155
1117368924
1848049268
1752325420
1500174091
828335584
60871854147
728939038
1042711735
710369133
27900012
1332080559
1479699233
100000817532117
46102606
616455068
1782066003
100000428878428
100002199825542
100000321215862
100003477777032
1379648433
100000411884120
1027941722
1336057766
100003070899220
1309706946
100001508613591
100001024789807
100001658382392
101752
1595131911
1251044017
604915483
759572520
119292370579
567261139
1605812896
100003005418425
159542757423757
1217799280
100001851635466
1525809083
100001981304409
800577551
1219401316
692905471
1389909187
683912654
631942468
698233556
1233264
100005647350232
850789905
100002104766476
1072955903
100001422181686
100003815432347
601647488
1347101681
100001478029665
1227536089
52706439
1299111429
148671078595226
1121386025
755868719
100000886301368
1111110052
100000034760423
100003013883753
100005011320401
215268781863231
100000260830299
100001198701598
1390385785
100002493128492
100000828323499
100002399223550
100000293833841
100000560895285
114472798706959
191862294214708
100001353097564
100000697372926
100002592433199
645344171
100000331868219
100003407118051
100003320225300
1091745493
640190037
100000473044390
100002049090035
531463514
10733586
100001460299614
100002532117774
100000833087362
100003173340038
100000686018738
100000199115896
1586002171
1669413128
602387324
700858114
100002749843085
100001204048343
683831100
744016410
1481151473
100000524986023
100000946665645
708403202
100001685252297
1031100553
1741852857
1574509287
506741414
215564178573717
544774018
1505583371
1398736967
544384310
1050731146
1287324659
408886
8900762
1759462847
100001149428862
210487412307158
1443352012
612687871
1663870967
1099895482
100002998015760
1771313699
607841261
844439569
683455637
292533564115912
100002428103830
100002418882476
100002300340539
100000408594321
100001710600785
1357648363
100000338745683
100001359338498
1272961452
1655395914
503749591
100002532064229
722917098
532881894
100000051785945
100002283426600
100000259661593
100001195017569
100002095820746
100003366827318
1561307835
100000060002350
100002653870735
1466589855
1472243319
100004567413190
10222398
188356384531771
100002718071307
100000269097896
656489073
1239710411
100000164198946
100000734656226
1297800018
28000761
1392095802
100002389050227
508685118
589457438
189097937875759
1267017063
603560513
100000315038218
738416858
1642864511
1009791147
100001977716126
100001463990258
1825754022
1386542001
100002133966648
1321103190
100000031381277
100002660454896
1331696005
1186752766
1625085087
1172149823
724753921
100002299580205
1296700835
1155206107
609344402
1214970064
793509130
1095815910
587482751
753989011
403644616361182
100002496313425
100001240194095
100001649892897
24504171963
521146010
100002145294504
640325985
100000138496602
18813170
100002098692158
1595024904
100003738267718
1341280286
100001229237884
100001749349726
650929547
100003347567149
100001013779812
100000433726464
507878930
100001429203826
100000005931437
100003047743629
100001841660757
650433507
100005265401551
100001476607878
100002884550707
100003789482776
100000654730735
114971661854056
100004803780046
100001183747264
583524615
100000168293334
1104828973
618797943
100003237561555
668930823
100003255409480
1182450297
100000149199144
100005040450142
100002888926212
1265386162
1419551110
647010209
100000029779379
712133644
1429440304
513204090
100001450590532
1298954005
100000116033444
1026051583
100003675573046
100001052648246
1007485607
1308271357
100001984219343
100004045337953
100001263837741
1456157996
1764836350
289265301111936
1293677347
1251751147
100001870173643
1037080462
100003510527934
100000011418560
100001735822564
100002224465921
100001707498223
100000774627552
773455267
2349212
1629822285
100001617471364
100003391171890
1116784609
100000065768962
709680900
1361741881
100002264211908
1016502612
1137427904
637612668
1296399306
100002662792768
100000055149818
100002493067707
1462100767
100000900030504
100001730938916
1385259393
100003603437658
130290790346023
100000713106850
1111572707
1345296991
1797243249
1126967196
187104727994178
1542207016
100003264531531
1441550596
100001076854680
100000163863460
727000854
100000251509930
1390605696
100003032188418
848809043
1273161733
100001559914926
1339971458
1199964106
127403744020283
100001337785411
6706083
647345916
1518095767
1378784842
215863401785017
523260633
409223039196764
100000625661058
1459340396
351019832652
1266435223
1443201617
9333339
100002428664984
1545733819
100001048937225
100004069626173
100003036380755
1390034202
48004199
100000005609587
655286372
100001487067173
100001744979209
100000304754558
100000313652989
1534983676
12306895
100003136010610
100003972597741
1403622660
100002111017492
510095143
737467441
100001535268543
732143056
1281721239
649239024
100003526115130
801212467
100000380065131
100000987194735
283226988437311
100000487432985
100001266175698
100000163162582
100000982922379
1784033245
731791538
563463854
100002575121150
1209866993
567616398
1325326040
100003810309919
20007796
824537659
100001153657507
100003034154791
318108224909338
1002977834
100002585432134
1233826036
100000947203974
100003271000489
686608936
1404744455
1533348663
1402680946
1198874024
48031174561
1137558967
1119235954
1320648441
540780083
100000032034630
100000191517675
1396766652
505917367
196700301
1669936526
576870829
100003280764740
100003193463543
705020952
1417120532
1470684719
609395795
100001030312098
1253697003
1384149663
100005561521076
100002465436330
100001926949596
100002175331355
100002424771889
1581500281
14806267
548737602
12817764
215876508451849
100000351648498
100000609655228
100000537822947
1013910098
40701506
1194840216
1026627476
1057531929
1418760047
100003739448968
100001981480222
100002068475323
1634563218
100000176049422
683605170
654497034
100003401453224
736264093
100000216093559
1402207400
778398988
100001653419219
100004096625358
100001702863022
748079882
1840113196
1625312935
100000150963624
100000485691756
1477023168
1226233267
100001732570299
1056687287
312379528836900
248900741565
1356063952
100001421832627
100006205243529
1457352065
1002355261
100004711154564
100003914690548
100002009990201
100001953511521
100002517262371
831044255
100003912841301
100002440163954
1229081206
100003952765971
139716419386864
100001327898339
1723007084
100003611225245
626725200
1232051027
100000535342055
100000342265327
100001533712752
1282028263
1403998685
184551361588137
1813766265
100000365064890
1496250091
1191510879
500662237
100000404911292
1826448493
100000610301296
100001111298538
100002663693105
675217989
100001207720807
100000281175486
1068297469
100000545977783
100003468649052
100002793701715
1263656592
100002160503557
515031010
100003592099215
1170381783
538188164
100002381782253
472146042805875
747509191
1514109891
1509052066
1258722016
100000458184439
100001014843059
100000498910152
100000578404473
1141672325
100001717536858
1353086759
100000925630831
100003503983550
100001481916363
100001910970048
1469807892
1327477170
100003072223193
584278996
100000180876875
538140446214306
100000376593785
1690452894
1457827329
1797744063
1298165504
100000176407010
1000085910
100002850340124
100000167970443
641751425
100001232469110
1290023818
803130223
1418562235
100002197901344
1594287200
577094895
100004728395017
13912896
663558248
151995851512066
1162362400
545507219
100000803478450
100000576375757
187334917964985
100001001665508
100003319705465
603506398
100000629078820
100001067128758
500807607
100000470027948
100003438596813
554725545
100001960168504
1640197624
568146427
100000206555748
1278402079
1074693228
100004183056289
1411574953
1651516627
100000504072774
100002154771473
100000853967584
100000186852191
100000905628823
100005262009027
100000941874140
680173314
100000505551501
100000158976706
100000723222671
1664204099
100001803356604
100002133783772
1613116333
504031207
1110106372
100001879282390
100003125602804
100002551570900
100002213319254
100002836872984
100000259890280
100000138501822
1064619679
395575180557043
100000006808756
54302829
29701674
1048851297
100000294412341
537605776
100001130238938
100001737353110
817568253
733354751
1335623880
1515734661
1441183481
1513186534
1077460663
1449726141
1538742787
1022651650
625038815
100003395672814
1126832117
202860666428619
100003649495330
32802069
100002964878130
100002640965618
1188352306
790620343
1832146366
162499640447109
527941643
100000555206454
1538919701
100003724039144
1058815078
1614825567
112898088770730
1831460613
1337994394
785898355
514554782
591253214
1661944773
1677267688
894515152
571378107
100001023165876
1647822237
100001746445934
821399527
188733574508962
1155818495
201367866567867
579428891
364800656876791
1386398878
1606680018
100000402657580
100001117120880
599462329
100000220318003
100001128326930
1213507754
1374188041
100001985790412
100001460973276
100002338905729
100000101431698
1575907918
1402503343
130423570398821
1642994567
1143032767
1792883997
121203829
1054670922
1262711076
1433753749
100003693005137
876970242
100002967285510
100002597312106
584292628
1297900449
100001006644714
707995411
100001511363899
100003017600613
183471368337692
100002141304209
100001239051043
100002327982024
100000110245301
100000470928990
100000485678390
100001529615822
572342017
100000153255867
1124836289
12119629
100002459520785
100001879995565
1624329738
1346935535
623192864
751681574
100003288648733
100000060145054
662651318
1234371309
100003051362128
1560310701
1606955142
1545216349
100004383607465
116482005129613
502975635
1082341737
100001911763232
1413965070
100003122506080
1000547366
533778632
6808038
100003622612009
275204372502303
100001617545008
1013539369
1339324653
614074317
100000017529882
1386314571
1646675054
830957177
100001572502055
100001191006408
1342193208
1454628878
1306793574
783948866
1431531823
1383602277
1352576972
100006430776391
100003169494531
1123571439
100001103321057
1047006040
1357196887
255424757838752
100002818537840
711815171
100001930476005
1338090726
100003591325271
100000332230032
759408041
649232919
1313323278
100002800051228
100000233240562
501998207
15714100
1355737371
1407262027
380475145384686
692315797
100001195380380
100001718229920
585575417
103801336352364
100002168138988
100000326096702
1667168316
1357144678
6908316
616856362
100000070802453
1257792399
1222418759
1436152072
664828029
1142784142
594514505
1332278271
100003817123094
100000040006267
572785170
110648699034073
100002088256679
100000629906883
100001034534773
549694086
501654863
100000068267827
100003280205378
698085939
100001802809813
1083714458
100002110147518
100004642832947
1265367953
100003061766373
1752438552
698722573
1407382652
100001555638060
100001568956737
100001590398320
100001584128602
712599530
100003324243932
1520882655
100002220402131
100001661962047
100002382045115
100000190856272
100000633298054
100003154481571
100005938782526
150124558359217
1615657512
1432965477
688757469
100001121806702
504729232
100003594525296
1388199609
100000020741384
100002174071397
100000374954776
100004171231300
1655679861
1426764465
15915620
1682803408
112054885490249
100000153884632
569541550
100004356635118
1042991042
100002590481931
660589421
100003828639669
100000135092513
1811753013
1154426630
1534612616
100003263683939
186690514720900
1601013884
100003924849317
6520819
1110244868
200659176304
188132744541065
1062004022
1430858601
100001589400161
100001007897640
136038096505975
702847349
177875735560969
645525250
1030043649
78700858
1364467591
896655467
100001905204726
581623522
100002316515169
1508097929
100002305276831
1237242519
1565842936
162533340512121
1083859968
100001740829348
100002641440693
1754813292
1676375160
747928779
1010987001
100000975020062
100003843063058
100000234238037
100002442474306
100002810397138
100002702473911
146830275373468
100001617376961
1824270571
30802727
100002532202485
1384788533
1477614143
903895141
100001380450741
100000739327509
100002945997807
739058409
1598191886
1291599963
613283043
39301440
1223611962
100003562695976
596798419
100003220195037
256703504349214
1707802201
100002868198955
585378801
1842138527
100005269421708
542600234
100001685880704
100005411522414
1226797613
1307776899
823665161
100000550536320
1345576843
100000608723630
100003553081833
1204592862
100002595213863
100001947661647
100000954313885
790387291
634086625
726442235
411824353293
20716442
544044206
100001082477676
100004052682421
100001037762717
100000087422193
100003540048717
100000465665975
1428781529
771084490
100001628137693
1512897786
1449905573
27302338
100003530256076
100000147136369
755976059
100000775938961
555316875
500479548
583888030
100000039084186
155306461214236
100001582303733
1469904551
100002375535212
100002441662995
1344709584
100002623645298
7946565
1391587843
100001247110533
1430329842
295230217260975
519940770
1356421868
1088800206
1154037904
100002238930275
1443218133
1633180537
100005221474990
48703254
1470939643
1392080894
100001937528686
678341971
100000101801304
100000742564683
100000197247557
100000494435883
1742091579
1368109194
100000086929675
100001591686565
1300925373
100001996442523
554540480
1362347946
507492374
1485157045
1141128956
33012141
100002243583308
71303746
100000876242058
757435023
1579294999
100002195306643
630893177
100001446983625
162613330454621
100001315022637
1530465203
1539602436
100000819865581
163360580343359
100004870055402
100000467022054
100001238823730
100002455066577
1072334550
1339477867
100002258108110
100000624484552
1443607178
100002981597267
54302206
223717934371346
100000478059813
100004041531289
1241475701
100000319268400
1044395399
100002863909403
1169102067
100001596102230
1439675591
682813374
1466923869
100000577548327
100004732149140
1381762373
563945882
100002331151585
1618845231
100000170139760
100000062105746
1523913709
100001517991519
746365256
514446621
609148736
514828818
657990518
1456926667
1631958879
1165433633
100001107763756
1646973440
1522125099
1013793272
100000291790881
496743477014790
1180070808
500838058
100001329292643
1064199659
100000903616080
100001312094585
1401925246
100000436543340
510032791
613522352
100003139457081
100002283614135
1250741956
100002909318735
100000579015869
756049850
627969539
1278056281
100000611784438
680304518
100000529836959
100003007632010
100002977597284
544617111
100002646874055
1755611705
1340132456
1485540067
1639295842
100002378387727
1162773217
100000905611250
1434973349
100003046914001
100003166242270
1745815192
833415528
100001103313579
100000171057391
1790145593
1659412819
100000366037554
1558406796
711123961
640736725
100002716558423
1454680036
126929020691949
1780445312
500809675
165644832873
709830832
100001119612854
1634450220
100001648922790
100000047142333
18604068
507490190
1376745240
1830551602
694601776
1480879720
1263167736
1080870989
1656314056
100002938639369
792459936
826090369
1458205837
100002091704964
1323300195
100002012343285
1192223782
100000040087388
100000845028128
100001886744696
1259972817
100002846148526
1651656188
207794113101
637733802
1365279140
1649798938
1463420968
22907734
281611678594323
13930248
100002219076290
151263544921722
1584662121
1665747377
165001870315662
100002620186936
100000001668089
666700297
114750741916759
99652942985
1842462962
100003214589153
320244491326032
571338973
1620463099
1215781020
1731594982
100002956400525
100005626330507
1366955322
1378879632
100005268247234
100001410873755
680255499
100000056898884
100002327488639
722665787
554431686
100000784639572
715696783
1304250077
1496265735
100003985714550
1181054402
169873323061465
1003548608
1489984437
569152149
1776720716
1480143401
100000543465102
100002579698432
277586375612772
1494258956
100003100973062
1367033250
1568363598
1562734768
100001210424143
684569933
504873890
662636912
100002862808912
100000280327220
723415420
744450035
100003783502690
1128939834
100001512689096
1379536336
1156908879
686615712
525348571
741437319
100001312325393
100001284215531
1237797988
1441247247
1001265295
100000163674592
549220758
1566075531
1655717743
100000147583359
100000005747714
100002807891224
100002966926317
100003395262210
1481648823
100001552478599
744956078
100004133044809
512147523
500987204
1224020210
1333343682
868115385
100003587735970
100000073907574
100001110696184
771688556
100003475511820
100001412605549
1018263005
100002252235363
100002819779924
100004137732383
100003844600483
1123797832
100002380557582
1664796147
545776502
21721301
1550702122
1233199056
523527063
100004936715835
640671063
1174408298
566883891
1086753822
100002896306463
100000647076164
1105902
1216950921
100000397862088
100001593758877
674567693
100001097989375
100000828303630
100003272654043
100000160304415
1842758924
579002999
100002317737802
41400038
100003308565807
172695582747943
1361292182
1187717609
789336755
1012401104
583048553
1448221203
538667844
100003079277183
1374393371
100005803060238
100002875376024
100002382931567
100003703187271
100000689912643
100003679434278
100003779998606
693940094
100003239179519
100003622708024
100000887238836
1507794190
100003130985272
100000384097525
100000756106563
1475139747
100003571485033
100001380782707
1310534362
500471012
100003165176375
100000000909195
1287434652
1119808429
100002169705723
777747625
100003153815776
100000666453169
1288421261
1022493274
100001798490015
100002796697870
100000966650291
1251604954
578919914
832735202
549292730
826885491
100002603712185
100003862539884
1138075054
100001876562110
1311024600
158588960823625
746396062
100001960121990
1670270387
750412825
1934619
1231242233
1663848055
1220543563
1079105791
1434399837
1810447287
100001111880368
1632249146
1413098652
100000270590258
100000449085210
1066856239
100001409988601
100004125150705
1196034674
100001020303063
100000168018087
190441997635734
1643710428
1535859381
100000975212784
100000063795433
100001196091860
100000933117866
1624655882
1501716212
100000366748462
100004257523356
100002305717499
100000804624863
1136139315
100005444532408
100001615003064
1540548908
1584935130
590051157
1363263785
725378368
1654153645
746268662
1008205065
100006315098197
1042674426
1109640058
593006914
722773754
100001589246586
100000027055434
100002512176365
100001173615183
1666495071
100001027683241
1024486848
1272764319
1263738533
100004859804308
26903435
544016840
1209006373
100002916434548
100001877589286
100000501287863
1496803149
100000542865193
633616484
100001533860002
653531720
100000473663207
677549166
1401485103
100000526658437
1441152071
100005158871038
1107212693
646566865
1331386293
1258042815
100000750915261
520134803
540755492
1629310678
100004429574255
100003834453563
1273973487
1509005002
23215898
129174070478255
100002631843236
1063650281
1438047628
1679629851
100003489535338
31404169
1795115079
1174452794
100002701440402
1038436239
1245492005
100003094970986
671330773
100001233317394
100003174696412
100003308352290
100003732131299
524776984
100000032415915
1492839024
100000447648812
100003393337026
100001907245123
556130242
153677814809273
100000201694876
100001174221054
1508153516
1811814730
1927347
1290958872
100000225481211
1664933325
302862966507013
1486943591
1217687624
1126628345
1478333220
54802439
1312775137
1357601294
15906299
100001389051117
1171702247
100003999537011
608266611
100000388974914
1460227051
100001427864366
700158998
100001506097194
100005141040537
100003806747635
100000333605101
534655788
100000726011892
680110141
100003642896990
1484070272
628107068
1393118375
100003201915800
864310292
830169847
100000826388293
1017931975
100004164219866
100001982371066
100001604096277
100000352482691
100002214394487
1453565020
1457839892
1306574123
100000018630503
100001167878781
100003538515164
1361794378
100002656296051
100000195789010
1042986982
1555036308
1259836841
1154614154
1201604915
100003524880804
1622336961
119165929832
100003268429032
1597063467
503993850
164839843653412
667065502
642747053
100001861315255
100000704839455
100003275089380
100000058035326
1442588270
10741157
538031188
100003112644582
694635985
100003743745277
100000798336668
100000052238284
651116652
31885875459
778355351
100002624324700
100003802805423
100000262852324
100002999537429
100001078397327
593157458
100002227506534
100001434334544
324702193516
100003949528755
100001027176427
710842406
100000184055800
621639745
745557143
100001327156339
1427547123
609140090
100004010031064
604853287
508017468
100002768839521
1019306565
1212276484
569750207
597830660
1440081662
712240932
6709128
100000035973144
100003982034230
13804571
1558248129
1516316257
645483884
100000291730733
100002675529536
100001998984247
100004105562342
291600148
100000093911289
1522207035
1449069647
100000070703059
1354862165
100001354953883
1596305910
100004515991684
100002988073489
100003996945136
100001205638698
10229193
17825145
100001638654069
1921605
1249256917
518449209
203401514
100002899705815
721729547
1047301457
719253038
100000853775847
100001102762506
100000217185706
1641930950
100000566698791
100002346560863
100002991085177
100000013156820
66600884
509567066
100001210308332
100000280384557
222103451172081
32819586
501951977
565675540
375815450608
100005093953984
100003090438889
100001383666185
1436721879
376569685758011
1816067146
100004592280271
1054795859
1692390194
100003819840594
1163430801
100000399258145
1365382530
100002702542458
565035265
715733257
701542619
100000689809588
1531053001
530940850
100001236090775
593521235
1144791631
100000338988315
44406050
100003315414177
642679984
1349661529
1059356704
100001937466363
100000786527058
100001599646671
1244166464
588209508
54845709323
100003775871395
1084986043
399426906749989
100001008220423
100000145790599
1068618430
1397401121
100002270175501
620957773
100000611383688
100000053331914
100002236902038
1559258515
1019090239
1338930303
1501664778
100003629517093
567029816
730379715
1046352625
1414950279
100000504801782
100003397034278
113505282085887
766176971
1244751880
526570721
1274004739
1021324177
100003309873854
100003087747552
1408292454
579592510
100002201815251
840425022
100003660730839
1165150678
100001667048108
100002571515628
1199216141
100001769108294
566272814
100002597324699
100001538605445
100000078721919
4941358
599391453
100001261635408
100003779304257
1377005421
544355625
100004023238570
100000344517047
1258571350
1162166895
100004311872660
1223266163
1526107128
1111690283
560869504
1527194934
100003039916072
1163507823
749437640
1383166914
501908141
100001226810142
586143311
201600895
100000153903778
100004008111412
528938028
100001776535380
100000879571854
100001632978022
1077408421
100000013145003
100000405296723
6407513
8505708
100003455065515
1202081759
100000105055314
1660920475
1199304576
1312182813
213113
100000363602531
273233229438111
1604616683
100001699482690
191587520890347
100000038942014
100001990302380
1079866261
1154695055
100000494755552
100002660442180
100001359770260
100002435054067
613341868
100004106955791
100000897376395
100000692224189
1312932263
116615748451328
507898120
100000172813289
100000400797182
518503959
1529170415
524315238
606070546
100001307197483
1697743391
100001143903994
353100711435240
100002034085900
541977138
100002766815318
100000072578757
100004591084131
100000049175682
514451479
1378061992
100000359364861
100004055123434
1483514030
100003342110929
100003171740888
732468842
1140600943
1342987238
100000079269838
100000469935934
100001729027521
1709209520
197035152512
660067933
648688612
1726444386
593079462
100000136523468
100000620473775
1015780006
100002634106445
1337706483
1771660134
100000800305230
6900047
144071952405841
1752776563
1650664511
100001632025748
1608800867
100000819516540
100000209204822
1262442371
2225941
1726873581
569353689
1349201513
100006124210219
100000845943988
100000047775285
1154323004
1024500509
100000203980579
723857585
100003775190697
100000718641769
100001751341542
1793839098
1524246068
100002574879966
100000467411656
100001985283522
100001643487098
100001292617384
792412371
1573592479
100001874327719
2411320
1113967409
1739702073
629839808
100001168933905
1328953714
1593226296
10374
100001212258556
177212578982725
688671097
100002292989140
136293643090616
30805634
100002761947023
1428811034
1218784022
100000703094057
100002641291546
100001609144074
1204875482
1625372280
100002490324938
100000657576775
773120065
100000404145507
1477066241
1404835042
100001403747059
100002424460210
100001755977513
100002580404733
1637510857
100001192610878
100003599367226
100001665608265
100001604973926
514021323
1158240687
100000148949298
1569404886
555945462
304667269574823
132488320198636
100000505630470
100003403987092
1203988913
100001107001148
1295134455
1001983389
100000068154008
100006253563897
698498664
100003705000434
204311939602028
814850981
100001530670971
556433728
709639465
100004432474507
100000301423378
501739091
571322374
1453907521
100002060632241
71904453
744870362
100001482169919
100002455497012
655218821
100001664408191
100000863897521
100003353033138
100002551835426
1265758300
545903734
100000965267204
100004629519638
100001754447121
1447970650
100000991449222
74903227
761369169
1211071562
100004258081908
257756210950058
100000062754744
100002454522594
1154965131
512456313
100002615304195
100000864728013
100002520258484
736195458
1137079747
1291405503
100003397882817
100001349362665
100006046090968
1284188071
1323408327
1517160546
100003062080959
100005252081134
1360480137
1616687965
671047272
760029224
272184753998
145114108839911
665744097
100002316131432
100002030315041
1119595313
217801014916769
561064352
561575709
100000042935017
1303203053
88600002
627701713
100001986230704
1519928323
100001009470235
612625675
100002076537726
1775059048
505282200
100000449828384
100000006886914
100000690333897
1651312980
100003229207257
100002522873207
100000515397406
841899276
100001023528420
1533946623
1009215157
1184594870
100000133536338
1727773567
638318475
100002537537161
1547571528
1403246801
100002598416362
1088583957
180596375324659
1067911962
100003560802862
1649130074
100005880994061
100001674781213
82794937254
699106106
1025004839
1760010676
100002967096006
1599594965
100000043313875
100000818861632
10403526
1169134717
1501805963
1246335814
142632045806040
1032663926
100003783208211
1227292941
514139714
100004219443518
100003879289255
100003785556690
1248366992
1107766111
14818307
100000215685374
100001531311900
1160739444
100004864087777
1021435982
100000258231008
100000767515005
1262030588
1109752948
10905358
1110296222
100005420642015
42419371
100004713007017
100000563303509
1506177655
136295606402429
100000220889151
1366852416
100001309129601
100003395941769
100003306175873
100003674737410
69174940821
100002682872564
1307367905
100001500304557
100000194191093
894950432
1505917592
100001919818956
100001090629949
100000017172208
526092879
100002636788781
752963397
100001883168232
100000150236651
26102325
100001718920263
100003247288477
100000897220047
100003292992498
100003153160832
100003994427315
775593637
1549160784
100000617431330
100003210823745
1089855555
100000554432526
100002975992499
1657549813
1949245
166568930055880
100000052248847
572231986
100000620936265
100000677500873
500945917
100004848700203
1081503017
623720488
100001076441889
516401181
154203847942105
100000366851792
1321579711
558542293
327403037299778
100002309473368
1508850206
100001493193215
1477068877
136485153596
671304858
540657698
657441558
1734499143
1221156805
63204739
1065866868
770052269
100000967456969
100003127530199
100000658082413
100003225839204
1014760034
100001258555339
100002196776690
100000046226773
145667252163572
100000928217316
100001328223288
100001261465187
1482952082
1507244241
100003047764077
100002851625592
715660653
1251384624
1192030116
1058766528
1067018760
1402874858
100000123069568
547116568
1203813258
165104116848877
1020127214
1835188147
100002090357323
100002512600261
1424596924
1373760012
100002908101603
100003320852660
100002350743014
100003719382734
517294713
531601862
566249277
1488696915
505888693
1391508052
100003508785149
1692531076
1119964185
324498764247388
100002394823178
100003151146130
100000541793916
1418748521
652880791
1235560338
1064831456
100003005688574
1850730095
1060365818
749675493
100006158591764
120642917974127
750464520
100001366845786
100003090847864
1408672165
1071527070
100003749894665
100000818011864
11103203
612383593
100002489743229
100003467090373
1086434073
1329718401
100001243882726
1437926788
100000695143948
72404135
100000834082936
100000978727488
516155368
1231170373
57802948
116248951838939
1325180078
1382358449
100001943604590
100000515585101
100002284873212
100000338779304
100001242845549
1222339756
100001282270412
100003744120404
100000011704344
1367059214
100003764197545
1174584439
100001662711532
100002530865370
1230374352
1379559615
100003349479809
1374439782
100003533433590
1621012622
100003920596006
658729155
1430186832
1598342104
100000970682815
100000180371616
1334231223
1485234746
1370001046
1096065934
555653431
100000625883571
1316086592
100000280400741
625433072
708732880
100002675530800
671711823
1842319286
1127685737
571800891
100003140990506
535760132
183659371277
1059410558
300154404637
100006467642250
100001357492738
1328283186
100000694783489
12303781
1381084227
512107761
550858531
1460630196
1580972958
100001026282207
100001181967609
687698713
100000143489079
100002791240991
1015534799
100001414041443
100000897648665
100000584529914
100001716557343
100002795063803
100001217841004
745898678
100003205326119
1723830032
100000591304344
822334729
1761354205
652763248
1448670822
727933004
100000529646270
1135593191
100001958704738
576167988
100006134794307
100000551504845
1837523591
702816037
512948415
100001850746601
813054193
472528416147026
100001498993379
1372642939
517340801
100002077690332
629520707
100000469498307
554786714
1649292878
1016011671
1516148278
1495817862
1425110248
509041046
100000182347106
665263610
100000780176089
724893497
100003603004379
1610367056
728735157
100001884276596
1291103334
100000005157816
1470489163
1085553420
100004248851177
1261182977
100001036035033
1034927924
100001277978342
1695397786
100002904731815
100001953916861
1648663055
100000657369695
1679034272
19602855
1522401433
100004561027247
100003659848092
1660502933
100001176007161
149030214420
654696999
12127550
527621014
1157413389
1844045733
1491210145
1163479790
1404482934
32820401
100000449389578
1630370425
100000404892421
100001279531582
1150230318
1249361054
100003604806906
1325465137
1814044853
710649609
100004190016221
100000406102430
1187298566
100000666098348
1285614262
100000252876291
804082434
100000611119257
100001455579275
205242426170741
100003253598108
153982544667293
1128841249
690199105
1725301834
745870399
100004326395642
100002671737533
1366338267
17805430
1239480488
1417621485
100000683737068
1594530014
1300987976
785117496
602461021
1360267650
100001065504655
1169950521
100000508442842
100003293468683
100002407315293
100001852333550
100001581444443
1333573325
546821774
100000701342479
696128890
100000537856274
100003235051984
100002101671528
100000057774112
100005992471982
1423643778
100002101041463
100004395272611
1022660345
1447524487
100000171901837
1452982692
1316040048
1119858932
100000501861439
100000375967452
1028907264
1063815772
100000507851218
1466510407
100003530107628
622560275
100003117455143
1193481790
100000929712053
6314831
1750941555
730945118
1079532004
100000654576369
1299052858
1142615978
100002942011123
100000898737464
1584084572
100000636046886
1376293464
642097325
100002380628734
100000419343275
100002870517737
1645795625
1052245029
1374083416
100003831620806
616376354
33311741
100000112524339
100003864110166
1257435737
10601410
100002521268765
100002445344955
100002629040102
1558389806
100001500930878
1755118178
100003043172946
1149750349
1622298307
513892482
526878228
100002123639069
663983882
100003394591021
1198470194
100000623492424
689430734
100003857121231
100000701551749
1297356053
1309658950
100000305293947
649673194
100000430661548
100000071925311
1843534529
615721537
100000406273132
100000014496853
100001509202223
668530321
356784647674356
100000977330913
100005759437328
728589776
100000510327138
1373455718
100003918317542
100001482093040
1369041363
682288536
2358560
560625423
689673593
1371746104
1598257326
100000792516109
656772412
1072505583
517161699
100000584500891
1237096896
100000265083274
1573977415
100000313681157
511433898
115191398510244
855935077
1527639651
517302992
699657106
525826621
100000134735620
508774012
100000107904685
100000640633656
1193243421
34202215
100003237585982
1324136399
505618510
1136277147
1524651830
1338206490
100003468272920
100000448411680
60004615820
543000990
1072532273
100004108951032
100004929610467
1725414431
611171835
74900855
100002127297108
100006067751260
100001641619857
100000781121412
1116288960
1483069972
1258503089
100000811062667
422885041106259
681524519
641138252
1225758616
1201567556
191216390934812
100003457827309
1547928615
100001850668333
23837858270
1413776944
100000276317933
1396247115
1127040005
100000777704132
100001397872772
1205965932
100000230430685
100005584240295
182588831756639
33408583
100002482763152
581542532
100002610066959
1429508815
100003665550063
100001124831382
100001823334574
100000686820177
100001546459552
100000592372332
587533402
1383564659
5805061
159800790742058
549825568
100002284288822
682700442
106894532692029
100003633104383
679779512
1530188593
100000298571657
100003020176588
100003198559940
716880498
622855556
732451058
100002097058238
782284129
100002966370395
1557628122
1800504898
803092887
100003173783707
545800353
426379084056608
1810032606
100001762590904
1839532575
100003853742322
1534036414
100002632734380
639770958
10739939
100000618381706
839800
100002209646922
109992165769899
22005393
1389228000
100004986402762
797249716
1448206161
692048428
1143805800
1247097162
1581933200
1563383812
1183033802
1389435951
537972935
5223050
1587492625
100000046231629
100000415995255
575266909
1381367183
100001481366263
670486481
100000943753810
100003653953877
1044340882
1386739107
1788937577
100003921717302
1561572253
1629559255
1130821960
1656931655
1607271880
1069533211
100001507337457
1349071100
100244910027752
1544566444
100002010829755
1619282105
1384504413
729446545
100000341451200
100000723250782
100004987929683
1470044877
113300113
100000352840917
1432082967
100005858135501
1373084248
100001258281576
501057823
100000944298673
1001224384
100001584558294
1628602735
325850541897
1850802820
1137146506
1624323373
696146117
1243676049
671237394
838035374
520212152
1571976522
100000695906454
749644866
100002724068052
100002421221977
100002444062714
642013574
100002031712079
1724147054
1432555484
261113026976
558111616
1163131963
615619604
2317484
1151400028
100000050082202
100000506678121
1104844085
100003174427813
100000635205563
100003587835584
1562858004
1156537529
1068149422
100000935025529
1264624222
100000158653400
205007919516284
1174414315
731550660
100003627340946
705477246
100004788300871
100001186452219
100002786468860
1343955819
20300186
1649487048
557648736
100003390760371
100003459293681
1324811394
558038935
100003499718999
583977904
648472793
554140776
533712986
100003750183153
1089196433
1398312038
100003374032297
1023062892
100003146517375
509362553
100000455245854
1643326821
664346015
574851267
603710604
100002699365375
100000016217463
584312516
100000071788831
1449710549
1692737354
100001017380535
1028888842
100006162761960
554244017
609172517
100001339983587
776899927
1481478021
100001984054156
352742641443001
354552584567728
100005359170373
1603470913
100001109830063
1096538009
707220904
100001277846925
85700177
100003199345328
100000161938391
655510549
100000557110484
1739400219
100003000869101
100004151641214
100003049239340
100001512594241
100003503950725
100000521264989
1661977560
100000597748463
1108356121
100001753503273
576840686
100001618428943
1101675763
582093999
1376863250
1594171857
1266713336
100003298110108
1621481447
100000091302226
100000189510177
1920683
1454760434
100000167324256
100000849732493
1325207898
1531060497
100000553641084
100000506581462
100000175179912
100000701917113
100000973588794
548015021
100003841890832
518640228
100004678296932
100004231242519
688188134
100000400397452
100002342520970
179154835435473
100001421891898
686779642
100001352411674
1476649819
100000988986454
100002657167478
1371905756
771392672
1915310
647794525
1374468363
36611697
100000409005161
