100002116894405
100002717826879
1675067699
100001323122733
665870357
100000225301057
1497129436
100002149021413
601556897
100000691260874
100000785754496
100003926147215
100000190708395
1631780207
786868685
1105641042
100005900073863
17502359
630587620
100001564333220
1378421803
640206745
1389757531
1363087774
100000170663499
500486787
1409561063
100003787283275
100000449695754
635909556
507665119
100005355009942
100001639745275
1406310155
229905627102534
100005324651622
100001626418630
1243013381
620584367
372826206077797
1316238470
100003702518617
100001622444831
596175216
1615522347
23313934
1653960960
100000493504190
1647552438
100000723428410
520485600
55706406
100002543700775
518528063
1403103501
23702375
100002377482110
100001390134712
100005156190835
1419004090
1234812010
642468861
1331386293
424450897620037
17702653
503179636
201301151
100003385928541
503838127
1215574119
100005323898654
100001780198783
100000072677287
100005925396628
100000939300460
1152780140
100000157989056
100000988953052
501400768
1708646245
100005744349425
100000045314243
100001537700840
100000807750633
1813962056
100002917446687
1384585681
655182591
1025275567
1255342292
100001074113778
640796435
637338127
100000324541458
100002224452805
100001352274101
1024130871
100000400552285
198601544
1686357237
1714278779
1075573871
1420045081
100001420763549
831960396
1207797055
100003788643708
1055394701
1573886708
100000253127884
100005473418209
100000022990607
100002000167103
100001881331749
100000572083168
1326112769
100000804053835
100000119603852
100002579809213
1422909835
1272544128
100005639472777
100004361615984
100001435683719
1619454578
100005758932958
1200529432
1543358017
1635211396
100000249606018
100000809347864
1338753387
100001753003553
100003637313927
645652214
100001576377826
100005598523377
100002673398517
100000049360381
100002515596259
785854288
1476529097
100000652716946
1552056149
1535752943
100001668498357
632017184
100003096111467
621683301
1467368646
100000240057137
100002040226203
100003215799811
1085904477
100002485912441
1067176043
1056738376
100000505114051
6519826
116855675045263
100000356010243
100001391930613
1237920003
1483795386
100000107691799
1035553214
8625130
9305455
100000167872223
100000744528239
100000860116270
100004168382000
100000905540485
1028885815
1451772718
100002381015539
100004409831835
100001568200941
100004018437373
1543179058
739029544
49401273
1200757527
100001890143092
100003299770753
100000759505224
100000465070507
1360697215
100000000431771
1437790470
100001331490192
1101815592
1545252287
20206575
506263012
100001263467507
599385939
100002382204372
619885086
1300956766
1845473912
151654161678469
100003871938797
1652075753
100002272916938
100005422452408
100000548315436
100000365430342
3435032
100001004496183
100000512854051
1202594753
623213667
100000609591197
100005981558908
100000076356315
100004613130470
18100904
100000089741278
100000055294769
100002605578315
100003084975223
100001514107513
100001760682455
790443216
800394570
669532178
100003523101685
1822706536
100005504107138
100000471399859
100000170892642
1461221098
