567556232
1263047863
100002717826879
1341263688
1404206481
576113379
1040150159
1767056122
100000492699578
255216247918513
1170772032
100001978057883
1301980847
36406514
100001391930613
1792313766
7801131
1318819354
100000805865252
100002408265308
1326745183
1180154229
1450189991
100001079637169
1045632151
1396925812
100000971180578
1589797830
597472245
168302946
100000177554256
1571709109
1125796089
1823049790
1351980337
1519837378
609817206
5708596
100000298018808
100000168221603
1168840501
1137080082
100003303880396
100002636191949
504353682
1186705415
11200641
1126207171
762212837
100000039332356
195204446
1654177635
1218483168
1653911152
100001156897812
1257828881
1447929153
100000439989012
1189992333
100002600535843
541482430
846070499
1152344634
1468858238
100002292947008
100004943743804
1604079998
1316617142
100000780062347
751863508
1188088498
1173611324
599843950
1562767041
574181787
100002103533496
1355776056
28401586
1141934622
100004521004256
1598166917
216501651
100001427080442
10137160
100000056347407
1526923754
1470577667
1219017213
721112059
100001010573950
100003263700335
100000179096152
291560047583793
100001782091229
100000479815552
515855580
100003602158841
100001901607697
735351481
100001121690872
100005804350633
1084726736
1090560091
1461573636
510511216
100000223507627
609286492
100000180242280
100002040769341
1193336258
453346261427908
656332820
1437018769
557744395
766644793
100000364157126
728726082
53201975
1045638943
1303487215
1487347295
100000143893873
1296721517
617326258
736280716
1444208354
512745304
501492556
100005639472777
595933020
100002026658965
100001451317337
1746829823
100003042957857
353144914770624
1740394706
1128583916
740954882
618155426
1616382003
1169625519
1646523773
100005324651622
527158585
1513692867
1003736255
1484986510
100005002209218
591467635
74201592
100000836116986
100000201517004
1476529097
1309327137
1813067402
1791330574
1562193748
1580187229
100001878090033
620914528
514146500
100004662217833
801794105
100005002328607
100000087896889
1510585177
100002806549408
10707905
1257530637
100001563214745
1503301503
229905627102534
695530844
155205744531050
100004981870957
1757598049
1497455499
745128606
1692180676
1437815798
1552938614
790793731
100001996342335
1294376612
193600082
1336897130
1131669355
100000779704465
738800459
27406779
523382672
100000036425409
616918257
1218980076
586682775
100000521255301
1445547104
828545214
25003559
100001196645379
100003096111467
100005232784539
753673563
100000027630342
620478347
100000082346831
185800141
601715947
558037439
24413647
769765079
1268768024
1368515113
1597331080
100003856497346
1176407737
1266438515
1110650788
232617810101825
13907972
690216744
699665620
1501246837
1792610506
1537657878
100001062656591
1228034982
28110339
1486316071
724482356
100005356743644
100002814711409
1087578786
28123688
48919807
100004883473666
100003623656104
572582990
617949914
658951334
100000686704974
1759554549
100001254204012
1316523309
1206559499
317575748376313
669474425
1182530038
690448798
100000539745679
1709218250
100004344967771
1793132952
563091545
100003401641832
1797952136
629369785
100000647340339
1433520548
1297488757
100004956824143
672428453
751350397
1333755385
100001465463212
587198338
1467383621
100001645974919
792109186
754544153
100005473418209
100003356673843
1200843227
1065937791
100003605653483
1571592254
1391741873
100002304164029
156316107787355
100003577295617
197242973688417
1712743524
620277159
699876448
100005102556348
883340382
100000502952908
579942479
100002668807774
100001644538954
100001999891368
1013555806
81012666
520772344
100004965583126
1667708206
527046151
713827898
100001997651660
629169707
1255742916
1024939117
100001217259185
652139273
100000133801469
100000820999486
100005119964235
522775409
1039573961
100000246132160
1254966890
9903935
133400062
543526174
1571310743
638896739
1427528936
100000340545501
1139572657
620276155
1443618725
508289478
647284840
1317318238
754799352
1102416156
251418858336091
13933646
100000872509533
100005746358327
100001779002235
100002724788726
1206041951
658655556
1265953732
1182001279
100000425203067
1370403997
557732802
737651059
1288827017
1007025213
503838127
1290858496
680378528
742375057
100000193317484
100000187287177
660501532
517273953
1343302247
271519809619381
669826206
2724835
100001399237639
1318068425
100000350773318
1166550156
1396085702
500582750
1089582409
801532371
100001270704714
1451943911
1295521255
100000174257014
100000309435822
1497207453
1727577792
560261713
100001402359185
100000449695754
100000148899789
1081230895
100003560609009
732422328
100000040881689
1045989056
1801723201
1476775001
100000061352048
901395316
1461905093
1420570744
506096780
1530352169
786589657
1158282829
100000001433423
1286332187
673625062
1334695646
549157894
100002326900822
1373046856
100005706491145
1803644335
100002815681641
500117093
100000462516506
722616044
100002161002802
1503232101
1476885920
27614908
540480310
536960765
1054677126
1419822862
100002495524817
100002130591737
1028273705
100003511113109
1390419426
604815796
100000297033144
710310067
649725038
606899077
1382951922
49302196
1032373781
1715966221
1630759382
665916214
526326549
468812586473767
100001201456888
124665304244701
100000759505224
1275491131
1622672196
1495233118
5304879
832905461
1261297842
100000703433732
100001856436297
100000055294769
1363648466
100000418114941
100002639914042
1208624977
1049554779
100000594580104
1508532121
565057241
100001890143092
100004078505619
100000107344517
1840845201
1230357021
1198895902
1262314871
100005086562070
1539640651
770827118
100003672398125
100001779177408
642109993
1362660075
812272859
100000787802249
1348805555
100000004179634
664544322
539437002
100004207994483
