100001625077043
100000209970637
1358826848
100002040856081
1458510102
100002433283135
100002254594770
1762978056
100001826929332
100004377541717
100003494404282
100001463026805
100000146570416
100001138952264
100005366560377
100000519163727
100000512511999
528406704
100000348578242
1410257733
100004066440849
100000977834775
100000585433842
100001493695293
100001853872180
1017318680
100002539379263
100000714552846
7913113
592666810
100000913438100
100000762668305
1180160218
1309125938
1276390855
100002933020699
100004788847240
1294791672
100002268070211
100001330459017
100002597847506
100001151010502
100000935036487
100000338235466
100001344805738
100002564622025
100004966364441
100001344404165
100006334052794
1657100668
501406553
100000559710319
828713941
100002746017979
100001901554676
100002166379494
100001975959584
100000114109236
100004937320712
100001751159154
535152687
588564177
100003572079990
1429357263
100001177560784
100001618748274
100000095506778
780324513
1590465619
100003665113532
100001893707950
616240148
100000091831652
100002608210179
100001303402486
290558467620955
100001483778007
100000555305595
100000271305744
100000285579592
100000107550352
100003578556161
1585722176
100000109957202
100002350431519
100002765195555
100001694246062
100001192764623
100002713895460
100000413777571
100000315229811
1361857531
1064046605
1312491182
30403470
100000249967980
1320585632
100001765760687
100001284159918
100000374874711
1386814792
100000912374932
1474715151
1763451094
100002480463325
1354311608
1646223477
100004191936242
100001971437936
100002583478794
100001607950716
1017033234
100002498301293
1848580789
100000058037799
100001418365980
100001388872846
100000781988150
100001435657816
100004193522408
100000561702537
100002817376916
100002676729072
100000422613801
100000639280152
100004179427982
100001349105778
100000429577011
100001279933346
100003360016894
100004481790655
100002327360201
100001878212798
100001867147098
100000427412388
1647600235
1381736042
100000351218248
1586847002
1841773118
100002913200725
100002342197868
100001271273191
1157319124
100001688467785
100003172385976
1175247975
1301482550
100002636400601
1244491373
213001491
100002069004893
100002758142010
100001505594750
100001207218886
100000562452782
100000148257896
100000753652755
100000062169718
1361703901
100001119253416
1145242486
100000684058765
1575685655
100001172613962
1041523171
100000463505157
100001074192348
100004196616546
100001402057319
100000831914254
100004516511132
100002158967262
100001318246221
1505209175
100000326162678
100000966011203
100001590451071
100001998523454
100001522521887
1514614626
633906094
787987951
1676282096
100000945835743
668098772
1544294007
1770745357
100001542376814
1330131276
100000722278010
1503822438
1348476003
100000040789160
100001672256133
433685766729725
100001945417816
1468885497
1141771740
100001745013954
100000797826514
100002121770910
1793223978
100001167099225
100002213795968
100002514323779
100001762910653
100001285553855
100004447239780
1526989882
100004538853116
1782894585
1526407946
100001482070858
100000297169151
100000599724303
1461610536
100001838536622
100001998099953
100002457674760
512029598
100002744642646
1223125138
100000170146020
515961715
100001961486860
1444861257
100002622187695
1705404363
100001326270373
1819522955
100000643716175
100003286833790
100001914554630
1071190308
1432585195
100000170768262
100000123532206
100001318325479
100003187910780
100002429422311
1229082081
100000216413700
100001022598253
100001666661502
100003031074772
100000970185541
100001593371314
100000731445860
100001161135914
100002196919032
100001893743949
613462522
1445379293
556029354
100002837602264
1465552540
100004969869939
100000572746248
1460437376
100002278278244
100000488700242
100001453595875
100002341648717
1341850107
100000982810132
100000564672221
100006387722820
100000293703080
1422458924
100002462290573
100000229047075
1550821173
100000412033112
100002302525922
100001330065755
100000332892540
100000186076249
752670279
100001280618214
100002899405557
100000824284358
100002707040714
1180687861
1192222495
100002539657726
100001673756250
100001242109374
504695621
100002829022570
100002577345231
100000919648432
100004916382114
745891772
100002903589109
1440500708
1241632347
100001472018855
527920075
1524979915
1244920755
100001259932146
1426947319
671954743
100003464401623
100002134329993
100000620419838
1362876129
100001300435762
100002674182679
100000352045094
100003536351332
100002449609357
100001284986468
100004233221119
100000199230890
100002018699252
100003668278887
665891957
100001456137892
534481087
100000263357953
100004206164402
100002275484561
100004696896251
100000185225374
100000323342081
100000331056343
100002015430986
100000244001083
100001061020907
100001677096276
100000651122416
100002674941385
100000541542710
1582194996
1825582878
100001820973251
100001460421777
100000883534860
100000994730030
1782850757
100000603560235
572740207
100001408808261
1607597351
100000657284562
100000543879988
100001835206717
100000907539783
100002812531338
100002368455037
100000508982996
1132118377
100001645672421
100000540493829
1337448037
100001377481304
100002258407972
100003576613521
100002412815451
621638926
100002640333769
627598491
100000694423797
100000055504542
100000201193980
1341910138
100001823795128
100003310570417
100002766421929
1420171922
1603225601
100003632021824
100002263674516
1654511101
100001770763160
100000146327263
100001667556432
100000988026312
100001016984988
1487347956
1847257461
1757576191
100000345791880
100002064778974
610045228
602249057
100000608461413
328457768840
100003958122300
100002954601746
100000003633759
1467581445
100001612480821
776020134
100002020149770
100000084084487
1210486342
137532656345110
100000983734053
100002054666469
100001380942967
100000912121857
100002387586948
752558270
100003391748743
100000193043885
1102421286
100000982519136
1232825853
100001803228695
1413207765
707637774
100003081129655
1572840037
100000501758128
1278150233
100004487912516
501841066
1781935522
100000616656486
628820660
100000367294821
100002189070057
1365752709
525718238
100002768102768
1504160338
1405860633
100001227991203
100002311419825
100000781249800
100004510351324
100001045776768
100000254209671
100004424413996
100000388716602
100003020601838
100000702526033
17908869
100003732252009
100000252276033
1746658745
100001951059895
100004676020488
1533937129
1550701252
100001545810933
806882906
100001790704846
100000708349160
100001683490438
715196233
100001397427302
1151766947
1041391471
100000636844784
1743421644
100002485405954
1373552637
100000100374868
1408551307
100001845749225
100000543643589
100000524052594
100001819305948
100000127449715
1419909509
100003773629232
520677789
100000520864682
100001373000800
100000166601528
100004180211974
674602542
100001751535235
100002488084166
100002638262298
1260443819
707669171
100000951766071
794317248
1341652085
100001327506437
100000522652861
100004183632359
100004238974572
100002630723180
100001114591854
100002800438794
100001277198519
100001310678799
1548935360
100001217479130
1387347478
100000153711544
100002332669027
100000786569220
711117911
787715624
100001114216723
1530607075
100001897957706
100001245883290
100004203274970
100003599522294
100000728769556
100001130397944
100004315653072
100001700646262
100002179418904
100001563932730
1544800389
100000125493894
1250784971
100001305891750
100003684205640
100002596288740
100001595298901
100000393041136
100003329113679
100002016496981
100001263895276
100004552602415
1476190719
1023400924
100004149760465
100000275249101
100001354681174
100001010532137
100001379176187
100003950979995
100001213453854
100001118584822
100000941948847
100000062525353
100002865979896
100004068190677
100000742588227
100000912993853
1669751835
100001554120042
100004788760648
1145276841
100000415250047
1517287749
1446653788
1445864979
100002878821138
100004009357968
100001920756015
100001633039042
100001936866606
584289292
100002747505388
100001831243436
26602846
588393622
1573916940
1554051646
1035748026
100001181568964
1013828396
100000604581994
100001572113617
100000830962711
100001583032591
724875165
100004603993968
100002346223972
100002509126332
100000100056186
536901321
100004692667655
1357975506
100000099029020
100001092420174
100001225642294
100002075812555
100001769774617
100002628286846
100002515042359
1327463097
100004153743632
100000233671514
100001285099992
100001624413949
1056437386
1505743580
1586278441
100001777451828
100001325557464
1228477078
100001460157090
100000214899078
1053467384
100004182661560
100000988534384
1348786310
100001080677230
1415020848
100001655628148
100002476549633
100001072867487
1320286976
1544149428
100001685853631
1198291423
643766170
100001020795930
100000508306498
100002595577807
100001003723537
1170744167
589067296
100000339755556
1598543372
100000557801398
100001042546113
785194928
100000571501948
1094581379
1228321614
694474896
100000231081675
100001506794346
100002359643068
100000923383017
100002547433053
100001201654457
100000928559064
100005106840913
1270773544
1068103713
1040133511
1556193769
1306830798
1277173947
100005850519835
100000632067754
100002878643384
124800642
100003980955848
564272180
100001400543652
100000967950473
558912671
100000606116119
100000326104699
686459051
100000486399118
100001203490348
100001542471773
100001949952372
100002153972462
100000882408163
100001349973454
1626200239
100000751172385
100002206072023
100003244974554
100001888795797
1372656727
100002753634151
100001462149799
100005108370179
100002505615180
100002501863013
100003748788669
100001643040169
100001199281892
100001832198902
100002424408387
100000257554683
100000269807734
100001021645111
100003959868220
100001063615907
100002027139812
656349365
100002602294264
100000046092155
100001305216936
1348575772
601319837
557566954
100000665583607
100001779194735
716429239
100002480302463
776069716
100000691985016
100002084122491
1725117862
100001135197615
100000881719930
1459506371
100000808332625
100002206209342
1454480863
100000590178246
100002616537814
100001905836026
1183631485
1052466507
100002376241499
100000893560371
100002210948821
100001193612119
100003741003146
100001100152660
100001964440647
100002502262228
100000040687602
665885399
1275491225
1438060591
100002136360135
1569593280
100001450436872
100000004781663
100000556842679
100002317905926
100002602492362
1000620065
100001397766692
1713893564
100001142029737
100000212727901
100001614575803
100001213272306
1190111112
100002626907057
1052392137
100000593325232
713290583
100001383288770
1152056810
1008797321
100001088064099
100002895791397
100002228018016
100002083198464
100004219001121
100001888238150
1070021402
1763870102
100000109744050
642127902
100001558959223
656561642
100004325294642
1325802148
1656107335
1349423322
100000165234730
100002116952428
100000409285351
100000814653859
100000185114305
100000189397161
100002174846447
100001969242630
100001369176745
100000844245811
100001599328198
100001197225344
100001104901299
100001015549057
1016971018
100004053286254
100001675567043
100000957187636
1567761656
737222735
100001942462374
100000650036661
100000480572787
1782677356
100000078797730
1111748972
100000420739052
100005806631775
100000656768737
100000437032324
100002674592400
100001473792471
100000143331869
100000080148644
100003337725928
100000622318641
100002563700247
100000524278487
100002102192498
1793706611
100005999863344
100002271842646
1468424417
1296203886
514986580
100002975209425
100000221031917
1332383608
100003956180431
100001446886745
100000339285350
100000950200715
100001806616832
100001729468163
770724622
100002294066769
530001224
100001528987748
100000965693182
1525602876
100000508200271
100004214372278
178509121959
575407717
100003256839825
1419030282
100003884054909
1761898672
1141092384
100004315812041
1439177036
1789863750
100001635259159
100000330319034
100000781293136
100001379781038
100005933920980
100000760510251
100002589003292
100000728789082
100002427203887
100000565965304
100001472007746
100002566690540
1523973650
100001642000322
100000746039193
1432114227
100001472694676
1465030418
1227393260
100000493467179
100001434803829
1316958876
1496668193
1610201803
100004252385175
100005771674387
100002947369144
100004541702860
1121023664
100001542870874
1200061134
100003729013336
1641563006
100006167461765
100005267020334
100000636041185
100005412091569
1459290172
100000373543989
100000782616917
1571933097
100000975005334
100002263153745
100000559563488
100002500787201
1155799853
100000279136961
100001299755072
506087483
100005232691190
100000989162820
1444942732
100001925965853
100000187250211
1639391093
100002476337578
100001900680421
100004267784226
1393133464
1063524712
100001270713025
1811567810
100001867826217
628657897
100000824906589
100002064058408
100001136012673
100000358664096
100003379922337
29618186
100005828167161
792369675
100001362369501
100001132642547
1125827525
100000204442081
696327457
100000524921367
100004044676723
100002173998884
100000960956248
100003207098756
100001660621326
100001562704463
100000942084614
1317905447
1531800176
1288750628
1549194481
571522031
100004463046965
100002506207099
100000686583735
100000482072800
1116521283
100000297798029
100002274737611
100004590521849
100000180212763
100001010365511
1658367150
1806164031
100005480979287
100003573497236
100000322109092
100001790961294
1595769965
100000213990093
1629845387
100001175854092
100002349703569
100004161964146
100002519697774
100002470553015
548063973
100002749161673
100002147102243
100001596918903
100000705794840
100000039498028
100000072328385
1590081530
100001100748923
1369617245
1001762664
100001778211048
100000568719858
100004933235552
100000973183444
1206956318
1372795447
100002318691347
549484075
100000598480243
100006218015106
1087359951
100001391819215
100003293999195
1248335818
100000108781219
100000634377339
1351683261
1535234928
1651710782
100002392696208
100001533741830
100001513286227
100000969926432
1223037040
1291917389
100003343770866
1802473266
100000916740845
1547366399
525819135
100000875052432
100000932513262
1774552404
100000482367119
1223201141
100002141956082
1539704268
100004091175884
100001975451451
1534781217
100000690094623
1613805013
100002175528373
1233500300
1268206092
100000470077944
100001596969092
100000217041831
100000773123978
100003201301367
100005545322922
100001937088016
527332952
100003122563665
100000693639960
100002118468153
100000132970982
100004370260577
100004440402526
748070169
100000052738761
1135115890
100005065391482
100001837094999
100001968378142
100002460020509
811928237
100002722304647
100000177032105
100002457685136
100000390497168
100003391240349
100000823821124
1156935410
100003549905336
100001431615392
100003823931567
100000425963924
100002288042579
100000449815519
100001357487521
100001493982131
100003890469328
100001043008154
1641995299
1477293638
100001358376305
100000164079888
1188021065
100000516505562
1333751859
1369920640
100003028022495
100000480658352
567821904
100000333134251
1447616976
100002520386152
100000685811039
100000661681225
100000861717807
1191225895
100001517798651
100002722730160
1604351231
100001639487097
1257120005
100004194373281
100000795105848
100004415261021
100000169178963
100000616121252
679729838
100003130060794
100000511220726
1235866670
1510741950
100000196444427
100000467053321
100000805250603
1517051838
100005861313115
1152647900
100001424627731
100005401422437
1374949443
549816533
100001969576030
100003091808196
100001423467798
100000698477054
100000103515087
100002318767794
7957252
100000757441312
100005892303897
100002792622953
100003840096261
1478837214
1730104287
1735730665
100001576333924
100004012425281
100000469339239
100003978657842
100000507450466
100001837296342
1212445668
100003331687931
100000409538021
776780039
1254608452
7910983
100002113469078
556432451
100000909547955
1464375590
100002851713808
794770467
100000626681161
100000792973920
100003128665086
100004574824921
754712956
100001158807033
100000561704884
100000164327795
100000403731533
100000455076849
100000974075257
100000280161010
100002008360719
100000264001949
100002382726440
10610065
100002250648815
1635443550
545929063
100002135181376
1278018995
100001251394018
100003177783054
1179117249
100000599604604
100001042278923
100000250215398
100000293169912
100003147535900
100004842371413
100002627563566
1058078143
608178783
100005640008463
501585486
1138896249
100000354806568
1333270581
100002477265141
1811940707
100003543110407
582796359
100002127754256
1290087382
1419829641
100001667551063
100002377410438
100000079744253
1187283919
100000604614487
750215522
100002790982995
100002516876329
100000473011611
100001653494425
100000105472834
100002674867844
100000651430160
100002310161535
100001436332330
100002723937104
1430496888
100002468103337
100000731575023
100001718798873
100001499893937
1267174854
100002792268358
100002181415353
100000958235237
100002953110596
100002167262279
601991863
100000943662759
100003685068895
1028944994
100001417115867
534001156
100001273774691
100000450221573
1343548017
100002609641720
100001459059061
1355333714
100000502683943
100000738067438
100000892094935
100004333565706
1713671983
100000614216796
1333744871
100002558662357
100001353383657
1437495383
100002566190965
100000590596343
100002173194945
508247166
638781491
100005788981997
100000327260022
100003283069103
1651239291
100005621282512
100003714076850
100001520290911
100000049773358
1495246591
100000161413687
1290865325
100001671999111
100000279407871
100001182421668
100001100479659
100006042033104
1735102646
633570166
1372546535
100000087933041
1545436859
1661055285
689633497
100003276478093
100001162532235
100002298172395
100004339390056
100000070347095
1031022115
100001252421084
136612876353253
100005849646738
100001242020574
100000926107957
100000479989335
100001620639681
1465908198
100003963249627
1323393466
883705439
100002610292038
100000507533590
1359812227
1644710910
1391615523
826790270
1416384119
100002291046753
100001340662421
100002006833425
100000923175433
100003188476542
100005528324470
1394115702
100001738207065
1035893786
100003731868018
1138085372
100001984651050
1458612797
1799038381
100004388978168
703490801
1685320653
100000052639075
1393032547
100000054725439
100001802829885
100000801155187
100001051354508
100001697652466
100002997248015
100002965902751
100003860807546
1615315209
1082941524
100002348479029
100001718480770
1227854708
100000588333777
100000695617161
100000374295340
1801040211
100001167759555
100001960847628
1147391176
1734695983
100001315847304
100002478269009
1010730084
100001660203300
100003614772729
100002149404683
100002304893762
1107692414
100000115752523
100002808556280
100000759481861
1359784552
100001709288133
726640241
100002068516224
100000665067676
100000080576653
1073743511
100002350871247
1495410152
100002454992240
852640623
100000554113922
100000266690664
100001294144921
100001772691058
100001545022877
100002611699949
100001835343509
100000851074728
100004591057477
528021354
100003673038900
100002912926729
1746709288
100005060790161
100002269922303
100001248043281
1019799623
100000573197821
100002070391075
100001936982894
1255809253
100002379947642
100002923197610
1394490043
1716172856
1612485529
1519961987
100000397783652
100000070262337
1424444994
100003769858298
572151593
100002888534993
1512104255
100000112762390
100003346125952
100004902192330
100001911726939
100001773667086
636249902
100006151773639
100001461175958
100000300666029
1625266223
100004989212889
100000805803378
100001050535506
100002510695517
651570513
1237251149
100000165821872
100000527164042
100000883112391
100001865751104
100002181647975
100000691624332
100003074019045
100002612959376
100000585245231
100000098716610
100000286859539
100001235676194
100000204182851
544525115
1615729221
100000412486721
100002270684593
100003205554128
100001759467100
100002916736354
547778633
100001353137189
100000016535879
1719715697
100004852898501
100001997516771
100003699397020
100002273958636
100005054014308
100000270080915
100000498573815
1002030346
1364320148
1665233666
100000673273916
100001014406836
100001030737447
100003308363999
1468675588
1006531938
100004687540828
100002588644480
100004922072432
1623222319
616705676
100003060721449
100000851693237
729068026
1030759397
100001660035622
100001989889789
100002427462959
100000785641467
100000628834765
100003169525093
621804079
100000460646643
100002029069439
55506534
1792220814
100002465898466
1115718853
100003258746125
100001780817385
100001662032157
100000740293749
100001757217330
1253076207
100001500093287
100000921023211
100001117646955
100005058010368
1167762357
100000402425549
620001629
100003809053082
1367216877
100002643173565
100000000983270
100002630541697
100003774588395
100001035657098
100002325232621
100002098966448
1023656581
100001368811110
100003053981898
100001414269703
100001498581864
100001091364581
100001353326693
1531315405
100002060021626
100002478695456
100000308779530
44313703688
1107463847
1301441992
100000821760942
100004176754352
100002376703058
100001499771451
668236241
100000868910808
100002694671368
1831305416
100001211800064
100004797843207
100005811304602
100000561004955
596398246
100003216293020
100001651080335
100002515449658
100001441636559
100000298759547
1208122545
100000966970966
100000561374963
638885517
100004104877245
1341510583
100002673373378
100002666410838
1557447954
1613482401
100000971655197
100000022270422
100001973397472
100001892416798
100000648391763
100001055860507
100000082601135
793572801
100000786608761
100002552552592
100000181194413
100003887474720
1563444828
100001843117924
100000631775177
100005042225073
100004511890061
100001365657369
100002127836394
100000634023276
100004708871852
100002339433061
100001086739595
100000677751475
1676215271
501597948
100001562605989
100002525263900
100000679883754
100001763121576
100000571620178
567250385
100003605213248
100002752642932
100000490361201
100000607371677
100004749604121
100001169210576
1682632385
549753162
1567447936
14204222
1470619952
1371207509
100000337779166
100005340163536
100003124977949
100002664658513
100002578998254
699299092
100003032076702
787830631
100002753514291
100001217289367
100001564742375
1138111634
100003496817747
663194776
100001098519873
100002033630251
738095642
522411480
100000665590984
100000535152163
100001126106347
100001088053791
1029378536
100000198278464
100000606824123
1488886402
100004041265583
100004187520994
100002472837109
100004097192905
100000968808011
100000610920367
100001488981803
1409515829
1037580098
100001103631131
1662424935
1373026952
678193454
1378148780
100002464089375
1437642564
100001373591110
1017167983
667980229
100002423297863
1440115482
644601324
1547929324
1389256218
1459036806
100005460182555
100003086836021
100002277795662
100002791961629
100002655554373
100002430718100
100002652919506
100004224130581
100001023229240
1554619993
100003344866023
1164978492
100002167337572
100003312955308
100000806008219
1359878108
1720733193
100001995287217
1361354023
100003608964870
1454662984
100000474348061
100001734915229
100001377753366
569847090
503915696
100002161443111
100001603974808
1530576640
100001691221435
1606429195
100002947058920
100000065077293
100001756123742
100000011176061
1040285436
527738476
100000746633149
100001732999382
1069161552
100000912141700
1110211885
100001932151371
100002546222600
100000623167649
1572505741
1151135729
100001914662819
100003213474850
100000057592408
500687624
100000126483684
100000920526594
100001918436264
100002441702077
100003829642897
100003266354769
100001099554494
100000413814383
100000650962780
1281721239
1468724453
100001394317257
1446243564
100000054223156
100000837985980
100000259970398
100000867304015
100002652635603
546385593
100001513005481
100000356213539
100004095319726
100002257567890
100000701580971
1204267644
1742841686
100002004859518
100001738691891
1048796539
100000865257660
100002045075971
525204534
100003820516396
100000911353451
100002955585685
514926489
100001803673162
100002660382692
100000580142155
1258756352
100000458633335
100001613781165
100004000338511
1788713356
100000582147172
1481557310
100001538178822
100000447788107
100002630803864
100003137442410
100000170627930
100000552832627
1399209292
100000708623242
100001851123278
706125808
100002220094697
100002174107176
100002651587054
100000568016237
100000029666182
100002485260690
100001048152637
100004221785774
100002509059726
100000362200910
100000769444086
100002606488881
22701283
100001661817153
100002421886888
591104477
100003188349123
1823183530
100002125644573
100000358622953
1559273156
802090092
207010062696051
100001512712334
100002420092645
100004001921548
1602782340
100000946060674
1702421302
100000672614390
100000494837976
100000605678524
100001154278921
100000196601946
100001096400831
100000506953227
100000573311637
100003732391136
100001283226928
100002710269736
1622347336
100001264392793
1533528341
100001644323340
100000425609126
100002219565414
1404969520
100004494820511
1148523528
100002121516213
100000950120835
541380725
100001515219047
1461935249
705910998
100002983808257
100002365846237
100000190644689
100003941029483
100004013776323
100001180378310
100001662938837
100005220785021
100001259865611
100001710099586
1420628009
1825444454
100001932494039
1390273953
1512572300
100002483093355
668808110
100004454524539
100003036279509
613684718
100002977415401
100002803343705
100000894830549
512231980
100004271970128
1506046885
100001062319677
100000638491201
1467313242
100001978163160
100000207700327
100000475642464
100002547375101
100000249390966
707789086
100002088921041
100003345201206
100002187762782
1464292254
100004833993169
1120315561
1300156597
100002089015011
640392313
100000873858565
100001978121771
100004410489678
100002390396112
100001382143999
100002128083155
100002012014065
100001818655521
1303651826
100001056890447
1321063240
1507240655
1816821677
100000675041506
540300013
100000491481874
1012744330
100003267528760
100000129788623
100001716346335
100000877337631
100002411015471
100000044265516
100005398061293
300100659
1571914851
100004877910361
1294031198
100001747056480
100002924986598
1162249628
1190190592
1150742422
100000591857143
100000962036367
100000489075863
100002546745925
1350964325
100001051593135
143907428967198
100000736102190
100002455496443
100002678042262
599615191
100003711198248
1792467909
100000791267010
1392401634
100001754418988
1147260139
100001419128849
100001119616968
100000473044155
100004370529357
100002660426118
100001905324121
100000875102600
1246119159
677701940
1274460054
100003060076019
100001538430662
100000901626622
100000627582616
100000622863740
100000474146850
100003274549545
100002060755602
805432366
100000556348578
100000315181940
1498734113
100000957549537
100002342186903
100004237299856
100000994500942
100002768255663
100003114765811
1849336088
595416776
1055923690
100002328820130
100001436607057
100000774272147
100000761849049
100002593976521
1057568927
100003102760419
1685945651
100000630577457
1202744046
1228805571
100002652370796
100001803391978
100004351389233
100004938545577
100003314894438
100002225469193
100000623340367
100002889453665
1034229722
100000730370072
100001827859091
100000661898740
1383082437
1633456227
100004114025836
1228749390
1301796012
1674138670
100002524002739
100000834366385
100004044510598
1232102564
100004500249089
100000437364381
100000052683036
100003110913418
100000081432197
100000414882554
100000053449598
1818380643
1421845387
100000552886217
100001378350134
1833238492
100000606924656
100000759834001
100002402474102
100002146321528
100000831951456
100002085874019
1548937055
100002404547749
100002497942031
100002155452494
100001403836214
100002631113406
100001111983303
100001540572133
1537120935
100000971735667
100002418757747
1193850778
100001048810318
100002220259688
1074847918
100002212608359
100000494571707
100000446097499
100000930623716
100003044498336
100002532694831
100002638831470
100000667920223
100000848708295
100004365698982
100001697775024
573931973
1682145725
100001623730050
571607698
100002353294505
1101091590
100000089364954
100002187010808
100002460540783
100001835833265
100000745929755
100000254654707
100001346821465
100000965668057
582197869
1401524521
100001525118905
1019084740
541685436
100001410308312
1664236416
100000738774903
100000680621932
100001618038903
100001305872309
100001651950297
100002838337291
100004008677953
100000481301669
100002764197202
100001431086731
100001317153553
1330626510
733460727
100000209694321
1758747148
100001276689871
1792887585
100001448465894
749947225
100002107282502
613565564
100002918227362
100002216405918
100001075684432
100001735633468
100001535647892
624761275
100002256991311
100001784695115
100003227697532
100001888254712
100002033773771
100002774148275
1760525670
100002695541714
1040787498
1275510966
100002146590780
724260990
100000357715276
100000093329482
1942937
100003069323779
100000831401571
100003153742742
1488768699
1352532324
1054322377
100002569061761
100002272698785
1311735596
100000190752549
100000803442193
780630471
1518440177
1018819085
100004041086573
1473200701
799965005
100002090995763
100003496084719
100000984002967
100000053638445
100001422746474
100002193442154
100000752981532
1334138844
100000055352324
100000192889633
100002192878970
1485086317
1677129012
100004837775806
706155783
100004124469662
100004371965964
1409538928
100000627086238
100001292014231
1053256565
100001326830666
787944787
1468482891
100002321197678
100000216911488
100000417285413
1487136175
100000320747768
100002217061428
100004313919944
1112962749
100004626430034
1383679409
100001778491280
100000616021347
100004399628744
823565413
100003291374176
100000134160160
100001498437892
100001264937868
1256285894
100001546155657
100002122674239
100002957580988
100002647516030
100001806571070
100005632835414
100000381465975
100000066146583
100002509570864
100001336866121
100002492634435
100002513887045
1423123486
803512271
100002949622475
745044115
100004635790939
1587310629
100002562525358
100000395034478
100003233278171
100003027338761
100000901025275
100003472770038
100000409015655
1674053933
100000769779988
809515547
100001405450324
100000326966703
1357350829
1243162933
100000266401006
100001397335044
100000577785255
100002193767052
1246214748
1827259897
100002553791688
100001971715474
1039569817
100000767079582
100000003826423
100000920324420
542606849
1228562176
100001683742548
1085537547
100000255874002
100001425347019
100002162951186
100005186581154
100002079979460
100002265783235
100000909252722
100002724613380
100000726158699
100001207491457
100000805623588
100002826068172
100000519911916
1065932555
100003834816506
100000563244087
1821189487
1123234090
100003828320639
100002242785287
100002858544755
1194642018
1525087438
100001325352028
575711252
1047847389
1266533989
100002491110263
100002657021013
1005638110
100002667403363
100003100794395
100002191440546
100001877023757
1443651544
1841365956
100000643886702
100000627334305
680357026
100003669803123
100002866568027
100001369534220
832833583
100000213196453
1200045812
100002306242966
100000466251540
1182538250
100002707192189
100002230774627
100001430560210
100000924189213
30305156
100002425721186
1057449106
721181301
1430276811
1623097047
100003529244622
100000916082088
100002260518607
1140866204
550766780
1524159165
100003130052510
100003326661195
100000177007299
100000550773972
100000069140954
100000857736276
1242590612
100000775411135
100001343306584
205999
100000353145598
100001389526670
100001728307896
100001021553390
100002096102315
1378323535
100000524130883
1127670017
100002158988844
100003142843920
100000451901148
100001325962067
100002767938147
1517522685
100000328777851
100000455233170
100004358940219
1149113840
100000211951975
100001058539858
1235952689
1201745888
100000442156657
1617620306
100002385186996
100000617211527
100002870856077
1619272179
880515014
100000485334770
100001877399010
100001362180492
100000190322512
7922897
100000331728069
1430882467
100000324203609
567072258
100001252784038
100000311937548
100000532013777
1840314812
100002711899020
100003573245284
100000739385212
100001697228051
100001078147211
100000222991470
100000149858060
100002470836147
1181149936
100001314495573
100000717322745
100002147980236
100001730343644
100002789704636
100001427001913
100003063033480
1062802089
100000163493959
100003504081298
556636696
100003038620491
100002371833108
100001359214332
168278063662
100001125097887
100002529884980
100001197732152
100001134123036
100001480556806
100000546954904
100001237411659
100001916173794
100002213907373
100001009493941
100002120161372
1292206778
100000142310339
100001595306091
1230093074
1489579424
100000824786897
100000358399711
100000275520986
100002726802878
100002132486315
100000988923975
100000145077007
100000158700422
1023578432
1128694284
100002590946894
100001471237047
100001915452895
1150362006
100002170351279
100001000279000
100000575465274
100003864726073
1343486964
100001106285367
100002163842374
100001967563676
100000603216310
100003563684277
100002832597278
100001033737336
100001379522459
100002063337876
100003940957051
100001836445313
100003539700636
1317206849
100002553987338
100002413912668
100003558806150
100001542268629
100001709102823
720092009
100002374916597
1266301940
1842037549
100001180897772
100002520353228
100003253692386
100001930012116
601670670
100004926430345
100002988393362
100002632689156
100001157210466
100000343341622
1135455451
100000972703162
100000803540920
100001470241496
100001580691255
1050863344
100000257273123
1525563705
646304095
100000418520270
100001436939045
829498218
100000367264612
1186394925
1288555461
100000639353321
100000737211074
100002406878175
100001194026126
100000715318291
100000344829446
100000719853215
100002895650237
100002851295905
100000030155477
100000009758885
1490206587
100003514053421
100000882056101
100002271059246
100001221098344
100001204329540
100000012483494
516251041
100000091182307
100001053795642
1427139549
100002145921832
100002182260582
1336764537
1350680965
100001039414951
635842616
100001375527337
100002661857056
100004092709533
100001514206693
100001106950226
100001544458806
100003394413000
100000831920464
100002136291023
100002324061070
100002273834203
100001211630523
100001236640057
100000528855927
100002171353413
100001230606807
100002615942377
100000824561555
100000117256699
1579766288
100001445385721
100000599723005
100001554142694
100000234258161
100001241270188
100002828306241
100000549551968
100000855918422
1848561041
1649431987
1794525886
1622191432
100001706472351
100003138740982
100002069282990
1356765299
1436462644
100002488212560
1567025739
100004123750869
100002215978082
100000655110369
100001104925694
100001493695495
100000331974107
100000061746843
671243250
1237116729
100001812605153
100001510942800
100000181377195
285514178199459
100001225575650
100002302091314
100001898836129
1581378152
100004701851845
100002093811002
100002996974347
100004574040967
100001642022782
1394696305
100003384950764
890940186
100000924788500
100002273810694
100000790099176
100000045805063
665981646
100002130776544
100004432839070
100000035461208
1287746288
100004260606323
1218788213
1043511551
100000276675638
100000554808210
1392108722
537872012
100000994413129
100001479038915
1170682636
100002968178157
100000049459477
1243943239
100002149090292
100002980215688
100000751697836
100001501993529
1558962395
100001152309355
100000228090056
100001163349908
100001665027352
100000296583180
100002384145236
1334632941
100000773162769
100001577687908
611171835
100000933928708
100002545367680
1667438594
3607865
1384189380
100000151523818
100002675522544
100001495627198
100002362770462
100001055045806
100000037828449
100000176120922
100001556420406
1021004682
100002874927460
100004855900586
100000663955820
100003051548299
100000725897781
1368330040
100004314420652
542404499
100000532425082
690025349
100001898745328
100001175923198
100001468569987
100001860660384
100002061686258
100001594931836
100004215096109
100002121830302
100000291907690
100001689942180
100003951777376
100002689092940
1750618381
749123645
100000255040447
1457378464
100000784800181
38602037
100000550671578
100001139648987
100003148975415
1406745052
100001288501151
100001454846534
1190011490
1590366566
100003621972666
100002538924977
100003024335449
100004962223275
604067880
100005954493404
1792122868
1777590855
100001837582525
100000494937604
1115901184
100000828542912
100002871442812
100005419603839
100000128463577
100000790354052
1403603474
100000620377336
100002211667940
100002015434295
626121734
1807247200
100002467416161
100001748544262
1654655834
1508428289
100004009849165
100001021330857
709432645
100001693680850
100000706073746
100000801761816
100000424868908
100000599647905
1564714604
100003921694866
525965172
677067657
100004045830738
100002319476676
100002012304031
100006091724338
100004334979638
100002105974579
507202795
100002201891637
1659706939
100000952033800
100002443790051
100002454007946
100003803834263
1292779626
100002459880085
100001570656900
668058716
737045704
100002935876042
100001911296383
100001783485458
1279811469
100002681888961
1410077871
100002190223243
100001061248216
100002932354919
100001732025731
100000376267995
1023722460
100002001375644
100000992205150
100004038313718
100004144290128
100000182953653
1389437392
100000281744038
100001323421347
100000984847470
100001474697778
100001102878764
1227100039
100001885814911
100002696437108
100001443370025
1209501716
100003959478150
100000050082202
100001128542853
100001550286142
100001916056151
100001954136568
100002932440632
100003216845977
716037390
100000126482568
100000455993888
100001175769347
100004689073525
100004673228116
100002517722464
100000564911547
1670552475
1101835355
1455529200
100003306545621
100002426794694
100000989147990
558295517
100001315410746
100002130074513
545127745
1189822273
100000674407169
100002156019684
1771042229
100000583309893
587873840
1280934930
100004738812487
100004282330984
100000896767905
1363632785
765215310
100000805767144
100004314402320
100001025397134
100000140365954
100002376590155
100003508621179
100002215173242
1224086346
100002204770968
1291264615
100000589090159
100000611935776
100000040733784
1303410843
621765592
100001903907469
100004081187292
100001298256455
100002697753034
100005022101042
100000570402056
100000876795952
100003682647070
100001174167670
119811005944
100003683970446
100000715249139
100001846865454
100001309972253
100000147805082
100002036368995
29608196
100002260866803
100004680043623
100000362586120
558010317
1699210213
100005212269094
100000824580181
100004392157603
100000055244104
100000428714310
100006355929868
100000724707782
100001262807686
542565974
1223910420
1226381773
790838641
100000222831425
100002287631883
1815549621
100003649669541
100002194587637
561193160
100000112441173
100003638195526
100001378305380
100000798273934
100003335733433
100001579631511
100001293868503
100001999704980
1536953915
100001688331485
100001513486808
100002535637258
100000603771546
1425338619
100003693954225
100002212864765
100000410129332
100000819088310
100000172002125
100002880705399
100000549645702
100000089553942
100003049353919
73430336360
100003894625311
100000055558269
1306064443
1292915195
100000179800001
100000857201606
1474967567
1572450898
100001512116922
100004702322323
100001531205595
100001031085829
1326601530
1006549877
559160337
100004635393588
100002352481963
1578787959
100002411366888
100003964094113
100001404287353
663454123
100003359075626
1795926459
100000279848976
1800295683
593913466
100003405433116
100001926002634
734907895
100001557536419
100000577720268
100004384064031
100001286990188
100002973155359
100000198112505
100002500042805
100001382162912
100000336810433
1106100998
100002731203155
100003901660200
100001591946813
100002221125216
100003847492056
100001551162323
100000200794604
100001854375724
100000498954360
100001456466010
100004591060630
703157886
100000106069305
100005061754607
773160009
100002020129176
100001977774114
613219651
100002115042332
100001581774845
100000712340636
100001507297991
1145902151
100000489468324
100002284441394
100001064743250
100001667446296
1378286947
100002187009483
1078831731
100003185938924
100002630470437
100001545737366
100001524785691
100002149368796
502143521
1396658315
100003043369617
100000781012282
533995681
100003853389775
548830880
1594556460
100001402179086
1024089145
100000182267952
1495305015
100000556383511
100002799017519
100000483349385
100002861420038
1231835756
100000524951744
100002028400824
100001576037133
756108596
100000151915067
100001669866213
1669514852
100000100321674
100002687792028
100000189038797
100000578816790
100002568961737
100000230803702
100001969645174
651582663
100002389933058
100004077440468
100004668725095
540745040
1573560215
100000907256615
100001060341878
100003503357856
100001382771058
1001396076
100000731436460
100000591556729
613927153
100001359645727
100001580419210
100000361757407
100002169518833
100000661861391
100000299286604
100000347912135
100003589424597
1315464006
100003678588262
100001039234153
100002371860592
1571613298
100000388286890
100001059954614
100001308098129
100002461941197
1656151495
100001897418694
100003810492278
100002799781131
100002300782835
100000539752556
1182849186
100003502698428
100003130477741
100001683273315
100000001779765
100004304463795
100000097555442
100002154892295
100001452031286
100000130315379
100000872247993
100000342872372
517207260
1506893758
100001487695379
1218879137
100000451557001
100004668941020
100001186880934
100003364881899
100001431556413
100003594711888
680660545
100000255681268
100000046950762
100001366054054
100001325241184
100002269993156
100001561581752
545950766
100000044715426
1497931599
1734832825
1503522805
100004528843983
100000205763228
1619115544
100005124999786
100002091246128
100000897889530
100001461656920
1750532296
100000917558366
100000166743329
100005694602211
100002844917566
100001311925498
1217714212
100002103037787
100002466837169
100001953557895
100001286813821
1570706513
1072333712
100000100722813
100001277865721
100004181491175
1798270310
506081343
100002377841892
100002903614177
1747555700
100000789711213
100001513073967
1263580822
766117862
100002200816258
100000858288851
100001950401966
100000421898484
1646299204
100002767749356
100000842434553
100004360424156
100000639909886
100000583900781
679030681
759743249
1235914113
100003761605233
100001296307716
721676013
1699230674
100000197684207
1502402077
100000635583856
100000397753686
100000749260841
100002166580391
100000072012371
100000020664671
100001388432469
1160221277
100001475007976
100000868026124
100004687540439
100001368710647
100003129325455
1423001312
100004007310398
100001703455075
1284600014
100003475954204
1469305134
100003238232851
100002999397309
100000295045585
100001734616178
100002347053841
100000357750585
100000846043420
100000764776014
100000372434986
626242664
100001870788157
100003617621445
629209982
520276923
804680267
100003370901729
100000791950911
1493913458
764438220
100000572381949
100002478454334
100004563693971
1814745961
100005744495331
100000284145999
100000195485341
100002978785476
100001886582965
100000214266937
100000000861096
100000491785515
755577064
100003005571884
1250649168
682518685
100000764412737
1547437165
1608822997
100002913037171
100001546407488
100000101917647
100001539667004
1812482624
100001618288854
100003899163137
100004127499014
100001955218152
100004461398387
100002811133179
100001490507191
100000209902368
755715884
1196515473
1088462600
100000522228578
100001334913677
100004829100938
100001012773099
1843933438
1532386084
1676168412
100002058761825
1633263744
100004634591310
100000737199220
1219357604
567339201
702350112
100000983331471
100002857701395
100002264994950
100001191737903
100001797383976
1787257336
1281841518
100002049429753
1114887240
100002542925753
1839648713
100000604665449
100002650484306
100000031616487
100000421292198
659367390
100001266799884
100001214581688
100002043253050
100002136931006
100000422872637
1335117347
1034841454
100002207476358
1543519847
1323104529
1849596461
1248386254
1770244438
100002691730689
100002414258129
1572710692
100001367237954
100002942773300
100002356792012
100004934010170
100002859263458
1440733714
100000496207641
100002869885938
1068288700
100001678622546
100000420568372
1286227967
100004886709974
100003079567912
100002558921566
100000042088990
100001384474271
100004113364399
1798204588
100002163002743
100001397316148
100000944945559
8322316
100001160313930
100002530073341
100001855549011
1814105530
100004303453872
100001582048766
282783265113
100000101179373
100001107466802
532180634
1495262777
597139094
1643264494
760889988
564110525
1634066522
100000026269874
1368427806
100000548451588
100002515912945
100002518840190
100000861458084
697738779
1243355268
100001943752805
1447376821
100001530332425
100002031180961
100001076759239
100000153013065
1811091825
100003322433501
100001330848707
100002658669372
589533378
100000499128430
100004161396196
100000535538671
100002571631946
100000100502989
1392644012
100004242601558
100004733021299
1289984664
100001565622290
1758462303
1067306972
1219202968
100003100203194
100001854564670
1323043786
100000545092786
1743041120
536012913
100000332707675
23806855
100000837307948
100001241091972
100001488428284
1328797074
100002133041146
100002272219812
100000366236458
100000521211445
100000186257787
527230970
100005377231472
100004341126376
100004215515173
100001700698911
1608798615
1664632258
1768485356
100003119403970
100003763528132
100000577971070
100002076764908
100001781535084
1445110599
100002640317931
100001138492290
100004564980699
1531093861
100001686103582
100002838733324
100004040696463
100000865017687
100000553004212
100000037742693
100002302490375
1672998389
1293136453
100002400754452
100000420061917
1181641119
100001418616835
100001613992595
100002339950137
100004095924967
100002565364603
100001175336767
100002232116470
100003512924080
1378636003
1539619156
100002521414847
100001100407644
100001621420705
100002314276365
100001082518319
704678037
508045325
100001221889847
100002846462105
100003636353036
1004048182
100000919014375
100004979439535
100002599220217
100000014057544
100000075118502
100001466843314
705252304
100001205689840
100002548956348
100001913586226
100003026843919
100001727059762
100000100342084
100000182342535
585899419
100001509932385
100001928377600
100001644867761
100000604531521
100000215163835
100000252833393
1812406749
1256190316
100001395265239
100002807906824
1526667432
100002135662071
100000752682871
100000100603990
100004023238570
100002201621075
1439002514
100001441727640
823230853
100000552490359
100000743920330
100000888402202
693517811
100000228100433
1652210739
100002748795287
681528015
100000287021225
528243711
1505597325
100002564372565
600854710
100000087197650
1599748164
100002977134302
100004110965945
100000703115819
1078869155
100001739616707
100002139253272
100000680682088
100002341386210
100000995483151
100002156783416
100003233077037
100003724725016
146501019
100004564357741
1222387139
100003293426514
100001920535912
1831556925
710688523
100004795507156
100000968417716
100002357508026
100000778355081
570781956
1713625845
752400312
100000943001196
1019696318
100002466595947
1006970444
100002475147142
100001321912524
100002087899868
100002061819923
1040678693
100002262764482
100001270233741
1652670046
1013068227
100001297130409
812534720
1087124210
100003745811259
100002228374120
100002594707527
100000279951257
100000570731777
100002173341723
100002582865812
1318906409
100001767692698
100002390087622
1802494902
100001420522420
100000508795291
100000906911101
1809733312
1542255227
100001456668751
100002643480524
1670430617
100002531321816
100000330504532
100000434523342
100000039123754
100000579558406
100001545491601
100003657077741
550258307
100002270410121
100002773783577
100003277258245
1656565739
1452880842
1138312400
100000711044955
1760811934
100001168907563
100000935380762
100002045741773
100000692671006
100002424076829
100000467442978
100000273242802
100002498144952
1210809437
100004185572508
100000889020386
1400941440
100001156221054
1308948836
100004084808395
1204604615
100001035531761
100001358109154
100003791176531
100002947471364
1227524967
100002531813456
628177670
100000712550187
1290084576
507645553
100002145522580
1604479777
100002381501451
1451712766
539629613
100005791895057
100002199077450
100000186752343
100004688852327
100002249891925
1520453124
100001667496455
100000142696937
1317866229
100002141691932
1482462380
1413874823
100002454880136
1133059771
100004051953965
100000169557069
100000021813293
1076295945
1496228498
1638632158
100001245414146
626187587
100003646944510
100000112623898
100002029613422
100001852255969
1099616614
100001353127479
100001789081052
1322933762
100001809965196
521495281
100001616132641
100000791625376
100003213548568
100002556792293
1368033672
1609238634
100003115242768
100001401892315
100002061931410
757765899
100000928958901
100001227556547
616148670
100003528118164
1000151422
100000077325639
100000682888052
100002511965516
100002349783281
1735160052
100002798608100
100002044756024
1245306604
100000067456373
1377592663
100001558093581
100001287321721
100000192631020
100001058070770
100000510438259
100000362775879
100002532487834
1473608194
1376117964
1760475162
100000947645466
668158060
1454684632
100001354748806
550078106
100000665805307
100000806674223
540245487
100000455878306
100000624968916
100000145929109
100001911915749
100004800631176
1363993847
100001401848413
100004407254138
100003225956922
571005433
100000829435530
718470674
1409103514
1434614812
100002470995155
100003385006003
100000113594029
100001155300398
100000222016410
100004435390103
100002281316724
100000473103611
100003579761441
100002259799726
502964477
1361515740
100005316882795
617098660
234842599909262
100001308652951
1394831945
100004737518797
100002241992451
668587308
100001862245515
100000336586733
100000622614660
100002456732783
100001649730955
510514717
100002284304851
100000386466923
508022161
100001545295261
100002540917523
100003190876397
100002011832399
100001560655661
100001397831983
1215128764
1810798214
100004231808578
1844006060
100000082138453
100003350734714
1564388684
100001048841423
100000285191145
100002359313709
100000925091057
100000010006991
100002267256908
100001409799909
1099208803
1325826419
1479858750
100002181126932
1732460787
100002023271508
100003490969039
100001350262423
100000864602291
100004176944356
100002897881467
100001266884565
683615693
100001770563170
100004308120663
100001807171513
1421510891
100002062884258
100000171566713
100000171159248
100001425129220
100000248028586
100000255400672
1163945223
100000634082027
100000130990871
529899402
100003672851934
100000507368672
100000600363575
100000342345508
100001229063389
1037845056
100003640624411
1127606478
100002137110904
783026423
100000098532277
100005103274128
1179634564
100003866855452
1141264221
100001292058139
100000210047773
100001145450913
1419811784
100000927489210
100004236090095
100003959951686
100001436131322
100003881969108
100000750285911
100002968058637
100002135509113
1758619284
709628727
100000002034787
100001182432914
100002989285680
100002910799074
1108308829
610758414
100000215630330
100002681988156
100000218980705
100001829618246
542445512
100000693061926
100005686502438
668326137
100000719322608
100001390446143
100003639937951
100000708567364
775835318
100000493956401
1456665102
521338518
1603322053
100001870707093
100002619429312
100001172527096
100000166710658
100002407561393
100000673138650
1081300719
100001450660635
706620305
1716781737
685273645
100000405864869
100004676047245
100001193811631
100001292248351
500220645
1498578795
1415058615
100000970390105
594237533
100001199488333
100002616928047
1566004664
1099811550
100002784493312
1560027637
1097592573
1761908643
1837781206
1793470759
1580251946
100004849001892
100000093767601
100000669460948
100000676252414
100000601211987
1746672984
100003035444340
100001122886061
100002255256623
529747997
100000566985087
100003464131880
100001766373014
100002077487968
100001461515423
508098920
100003647081210
100002913481403
100002572085835
1417776738
100000234950563
100001710223189
1398506420
100000261322390
100000400114119
100001642252448
100002461255129
100001999853761
1586222185
100000936383755
100005509624696
1440363323
1197292074
100000249614070
100000880014317
1064603626
100002173766332
1839536383
1298996265
100000948805426
100004566881209
100002472314200
100000984240384
1156699312
100001484695468
100001887048255
100002952523890
1760260357
1421262896
100001526933374
100001666242511
100000066840398
100002816725907
1749121175
100000034689987
100001743034135
100003676367112
1295531062
100000640322453
1394149319
100002168902437
1206211402
525245678
100000766695698
100000646122102
100000559142691
100001058740468
100003716589995
100000213956951
548917572
100001801717083
100000997514929
100002387905626
100003656746874
1822908056
1467271649
100001007232970
100003325085307
100003897518441
698889618
62600261
100001523355208
100000366484732
1440110041
100000473719251
1106686411
100001306822492
740256494
100001397304351
100002497407950
854450226
100002647779536
100001777768815
100000256705296
1792642472
100002061879580
1261727746
100001179026954
100003733986432
1490707651
100002631418035
100003486136461
100000600908131
100001257014024
100000141927821
100004055490991
1469105425
100000127489266
1350138636
100000581632700
1467592865
100001999468358
1558140854
100002974175764
100000657085805
100001262028631
732961270
669038882
100001232146530
100000744656113
100001193776970
100002539798469
100004483334084
100000220817275
100000663695212
1598972147
100001990075115
100000163056505
1050552100
1779827774
100000759571282
100001400022209
100000419405651
100002587336324
100001314248032
100002366640977
100002730961209
100001796458059
100002414913382
100000958652857
100002250983074
1280617135
100001852523762
1318767739
100004236843321
1587798413
100001065190644
1349966368
100000766000207
100002390329648
100000645459673
1628197545
100003099348656
100002571597393
100002885815867
774899209
100001689578666
100001586424005
1500270599
600393162
1365712087
100000280481507
100000880574033
100000782452345
100002147730311
100002391016654
100000179846489
100002982963102
100000553099419
100000856245950
1316650395
1678521362
100001831394767
100001175055073
589050870
1322954514
569162700
573756314
100003564008497
100001131099931
100002641831281
100003765250198
662310986
100005141353027
100002047289178
717990911
100000898161551
510327162
100001537805762
100003982076606
631200338
100000997335470
100001181625432
100000297776401
1393825954
504387026
100001541557713
100000827751409
100000199883388
100003009144926
100000747250637
100004010681263
100001038677295
100000103431569
1500270374
1780879157
100001475957365
100002283205669
100005278724177
100002583729933
100000944403009
100001522432225
100001840871879
100001113341877
854024786
100000218161229
100000093471546
1516681162
1033992372
100000747114073
100002886403366
100001117395882
100000028806765
100005070334232
1507604769
100004042527284
100002658133438
530937738
1047014534
1777283599
1520573789
100000443708070
1520012188
100001642804974
100001259507471
100001373861144
1253006295
100002653286752
100004759691480
100000615664950
1417600030
100001555248156
100002664879129
100000506967972
100002090506280
100000077833365
100000491506639
1276794074
100002009258166
100000514858588
100000007579224
100001301563752
100000740269822
100001814010570
100001154136703
100001434379583
1787731902
100001127523129
100001498730515
100002023899933
1032388059
100001284955986
1669717376
1443393045
676678270
1664148729
100003229901984
100000481054080
100004827150617
1655988960
1058704643
100000031291698
100002296233271
100000214278585
100002515341068
100004307049188
100002895067909
1534030485
100003069534199
100002042246608
100002125363100
1667984522
100002001746996
100000465816012
100003829582096
100004080193713
743845131
100003230381864
100000452166108
100001114450318
100001854151692
100000977839186
100001965020216
100001378850211
100002632948071
100000574635572
100000488133036
100004138544296
1534056896
100000463130649
1729707612
1701160364
1806142577
1252733858
1501380123
100002026624152
100002176847786
100002178708553
744819651
100003907536005
100002679039328
100005241123489
100001918219775
100000210659006
100001757836979
872940330
100000227251592
100001560640701
1676251553
60401140
100001466202884
100002482561864
1378635777
1585328042
1465256404
100001074971694
1127060745
100002279919155
100000170104056
1533152390
1792676599
721576550
100003075896071
1589984257
100000311432966
100002077690332
1822124374
100000458889330
100000468129003
1794112937
1133243442
100002243249217
100001066527558
100000583543877
100003038568200
100000848349106
100000015182470
100000036233422
1670947677
100001652646733
1332522514
100002217901685
678609540
100001888359454
100003312821834
100003896663448
100001068145924
100000147625378
1594778915
1511498402
100000579521638
100001748444386
100003320903289
1064403341
815712165
656682785
100002123108016
100002392592414
100000184102301
100001201501691
100004309684287
1450151667
658535386
100000184198151
100000271290639
669382684
1338674101
100005634037879
100003679984421
100002759173498
586547705
100002902744362
100000706091727
1140982573
1403838767
100003098492412
100002961259288
100000021134577
100000842141410
1214502219
1236436922
100001195844993
100000607594892
582274691
774157088
100001870513738
100005647334390
1412941000
100004277792048
100002413445710
746803664
1109593725
100001168830716
100001796351834
100001868180748
1167764482
100002724435390
1268595338
100002646942698
783669646
100001519140088
100001125526538
100004107737558
100000289848275
1357513402
1156160309
636807253
100000577939807
598962064
1027581559
1518887877
100002308503981
100001515240049
100004121972671
100001488380695
100000149430981
100001413215421
184090381622440
100000749468568
1383639351
100004103854697
1569611410
759668531
100001041090818
100002383042657
422369161174672
100001332474428
727247811
100001472781393
100003752298429
100001402599420
100003742463981
100002463109113
1354407687
100001818731078
100002093269220
100002059713662
100005070663452
761848890
100000216699136
600588927
100002056932456
100000300886684
1196636551
100001952616611
1245473177
1345317408
100000735474797
649161046
1535004515
100001615022852
735615883
100002604675987
100001157397916
100002953683312
100001293905102
1136030592
100000069888602
840107276
100000174886221
100000847291403
1201322541
100002289871142
100000733590545
100001222204212
100000478937821
100000697427061
1204492439
1321519385
100000548822676
100001647945120
1414951502
100001842265918
1001825184
100000385588746
100001043678509
1450410083
100003530001333
100005828112070
100001051297099
100001653080023
100002068051020
713739831
100001935793593
1124203412
100000487978458
100001164792335
100003987739321
100000771457403
100002828226256
100000806434797
1288502240
100000569918710
100004019351332
1076357146
100001473954156
1168124100
764565971
100001431671284
100001602005858
100000560862657
1788241812
100000866690061
1565590398
100000351487664
100002793068080
692498626
1252973562
100000993935814
100000570909826
100001141214446
100005125538171
100002253846752
100001045677759
1243618013
1406721949
100000795732378
18300940
100001858266455
100000376101918
100002400386486
1521843390
100000561889992
100004478553024
100004997231446
100001861411696
100000943735272
100006296288454
100000668615243
100002142782166
100000544865318
100001565535568
100000741453508
1577296012
720949640
695370206
100002236970043
1094992046
627016637
100002574287382
601708443
100002764140762
100000626157131
100001838307780
1301981739
100000420317206
100001614200493
100000775719449
100000935000986
100002053526540
100000757817132
1825092149
100000109728920
100003671511960
1745518333
100002715778834
543652430
100000787820131
100002487164509
100002261526856
639763628
100002757123292
100003558084810
1456236732
100001794596355
100000967744173
1501746027
100001208758231
100002591617566
100001129616854
1585320673
100000818354363
1604625101
1630391722
100002305760482
100002494124205
100002265426797
100001607368292
1585667667
1053964725
100000650678664
100000924681601
100000692192391
100000471697965
100003687614137
577758492
1291214882
100000478513027
722619531
742480995
100001478826305
100000775438805
100000440889665
100000143075392
1424793306
100001423314966
100001889004330
100002660562195
100001391352983
100004037378390
1022946076
100002104637641
100004529462688
100002135300058
100005193761867
100000577856350
100000220808362
100004893008109
100001965918902
100001499915575
100000197366534
100005848356492
1685732744
1517415517
542943451
100004363770647
1323800604
100001893131138
100000498891295
100000695353069
100002256018402
100000227759090
100001446511585
100005432442105
100001057894938
503346160
100000128510539
100003147374644
100002426501317
100000999237852
100003690485740
1304564001
100000233787280
100000268113112
100001959778124
1402570733
831550821
100005045471677
100000388817688
1010368350
1492146311
100000295185176
100001662645273
512320685
100001168015172
100001274827073
100001722477319
100000234079281
100000473511920
100000651612288
100002796777823
1598469632
100000521168179
100001316182721
100000171097529
100000438103345
100004405264508
100003175607904
100000171305331
100001709345270
100001938932474
1291179827
1129119341
100001877864314
100000209004384
100004659764367
100000706701489
100001764738928
100004058296055
100000276891273
100001510256543
1784056902
100000441988420
1227085158
1009356127
507711209
100001589174777
1842478469
100004352114587
100000533514650
615147427
100001466656347
502672690
1495934524
1485132557
100002146233902
100000873341098
100003238681586
100000475214492
100000055594044
100001298632615
100000512175538
100000303227441
100003824889791
100000589544236
100000068293703
750977931
1039091427
1473197301
100001102761499
100000427895978
1547899124
100001498648574
100002851870257
100001929298140
100000362832959
100001383761643
1644805997
100001894371581
100000179254736
1358134608
100001139079303
100000000534146
100002150383025
1781235946
100001405473991
100000179952525
100002722551479
100001029000214
100002634785416
730761317
100003493432678
1443690125
37701013
100003229136719
100001644861782
776039144
1328019199
100001486007048
100002164369445
1531175576
581233618
100003129274080
100001819048372
501135907
1745308593
100000025945676
729766955
100002366938381
100002035182775
100001814689415
100000647925146
100001566309153
1792456970
100005112912380
1779386855
1466044203
100002458127488
100000550394952
100001874628464
100000012963620
1086234077
100005455356255
714176576
100001459448628
100000008995989
100002056936722
100001943241380
100002074274057
100002165601882
783444105
100000298633665
100003276834165
100002236453355
100001255070733
660158437
100002001603800
1721455747
100000014358856
100000127995017
100003850616912
100002667887323
833450432
100000862139063
100005818689910
100000554680870
100001779969358
100001219655376
100003616797203
100001323689238
100002401140682
100001718730342
1333869037
100002961486043
100002040153885
100001256644594
1807205616
100001250019443
1066821996
1293706616
100000948787191
100001990036278
100002530557380
1015625292
1136763092
100000909629102
100000877446411
1714673372
100002100999362
1251936154
100002007196271
100004048275467
100002758081948
25707044
100000635022185
1165271061
100002873194771
100002017375175
100002952888856
522902151
142402236
100002231821250
100002398836452
617768537
1298831408
1086079298
100000745195269
100001311426500
1134827206
1393460380
100000923366076
1224976401
100000670269423
100005580100551
1781762358
100001596006332
100003488400900
1361790047
100003282765653
1647231682
1441191415
1395346803
1618102524
1106532876
100000887725646
100000587206207
100004090752733
100001942373342
100001439282901
1405833453
100002235117102
100000753759026
100004832285630
100004081302251
535066835
100002316793790
1038505908
100001537144276
100000565302993
100002603593561
100001116520679
100000239559661
100000515358109
100000515791230
100000099031218
1052557054
1371950790
1758801619
1174077079
100000471662707
100000294608660
100004865171086
100004055289970
100001130325212
100000283737111
1203463042
1152776004
1301604997
100004364163464
100003107539170
100003908518918
100000025160838
100004015967018
519860768
100004382491244
696414047
100003242000550
100001580860521
100004552771319
739891340
1720075263
580645065
1368793790
100000143838838
100000241517584
100002365452480
1320244886
100002942762320
100001472973700
100000355583219
100001049232521
1744550798
100000253008363
100000297413790
1832834284
1469650322
1261170032
1408157612
1173635108
100005031270079
727505814
1481143602
100003477951924
100001274161558
100001465746495
100000107730442
100000864836717
1035907155
100001143285372
829680275
100001501468448
100001982748605
100002265722550
100000684496794
503504893
100000467142272
1304807550
1313135397
100001822419873
1386335981
1600383855
559948217
100000231352143
100002232645056
100000900957440
100000559180264
100003097738709
100002565057517
1352970412
100001691031084
100003911307710
100002621702336
100001627268082
1548068601
1248091258
1113462919
100001795653550
1199114921
100000751640343
100003284553073
1405099846
100000819271105
1652417405
100001002694831
1184197364
725135172
100001378288545
1336660380
100000129920307
100004048827751
668355833
100000307671518
759217935
512161865
100001699030372
12629593
8845298
100000296935376
100000648063829
100002810315592
100001739764642
100000167763014
100003900462767
100000572497639
100000059477310
1382653126
100001095972188
100001295005892
1653911110
100001416787840
100000155742170
