100001685278359
100003528296152
100003342468907
100000604366073
100005009581565
100002447230110
100001709515905
1175322240
100000299279542
100005736191530
100001987053564
1381003634
100001842475658
149338651749696
100001487108906
100004868375908
1042770368
100003403563161
1426697193
1691221207
567561254
100002304800273
1634298597
100001523518167
100001501205917
1213678181
100001630667416
100000657971327
100000452603109
1783834157
100000695246356
100003542124140
100000276208110
100004937320712
100000424467477
100003639248357
100005664484516
1242614141
100003693131235
203400250
732373188
100001516190607
100004535197549
100000621390484
100000451216806
100002670057483
1418269306
1712292018
100001049766317
1364485431
100003803338502
100000480007874
1002501875
100002640741885
100001285209738
100001865368967
1493509025
100005751249701
100005362028706
100003228372939
100000022112470
100001794711886
1626200887
100001641557322
100002189308161
100004459295185
1076864910
100002657752634
642561717
100003104180547
100002878429905
100002161741204
100000708664764
100000474415705
100000903363137
1190442377
100000313524144
668339873
100003302064593
100001791866240
1085156087
1684721428
100002476118320
100000539142580
577028947
100002872228201
100003818302645
100004729238792
1565612972
1841089516
100004392039339
100000589395324
527296151
1049619604
100000802433373
100005125273419
1162753305
1186952672
100005334553250
1164386975
100002880511223
100004579269080
1509141841
49008010
100003275203913
100000454202154
100003159388253
100000086050073
1587279273
100000534842321
100000233620860
100004225179355
1524505494
100003174335368
100001272686364
100001995683708
100004144720843
100001621507046
100000253285117
100000194677313
1393838750
100003451569888
100000764439866
100004294212080
100005889038663
100005432257555
461021913970158
100004961855317
100004684055066
1390760835
100000758724253
100000186751440
100003581439747
100003196247450
724176471
100001970076090
100000541001180
100000739502639
246383649177
100003589203551
100001905421819
100004998732164
100002220901033
1010335698
100000145680214
1636080604
1471742833
560465138
100001902774939
1278653007
1009071512
100002340676342
100000707105175
530949000266953
100001025321152
100001673756250
1535926596
100002346035478
1059404563
125765614195673
100003819427293
100000928535904
100001441980254
1278870929
100000244305171
100000221011845
100006204433826
100004328915323
651233309
100004675180932
1779626634
100003465909704
740074571
100002724845363
1615413331
588197201
100002175597381
1253398171
100000538721868
100000903965911
100001263123587
1373632332
1342911107
100003195409829
100002756148977
1306505621
100001652993047
1098524194
1600783857
100001684217788
100002363165697
1325171564
1441367211
100005708467577
100004757109400
100000740243441
100000194321608
100002475655190
1020754989
100001868187260
100003635945999
100002068107220
100001880075208
100000354450007
149632481869595
100002645036739
100000247966156
100001191817369
100000129437399
100001448094800
1562666991
100003536260444
1810719616
100001729506542
100003614616803
100004042360399
36618304
100003369264188
100003266596659
100003310052535
100005688902134
100001610831897
100004621058983
100003184869124
100000267022182
100000587453853
100004127140944
100003122775896
100003072058172
100004167728643
100003636810846
100001706801671
100001028896730
100002740891831
100000081584778
100000255232312
1112078453
100002022173752
100004535283790
1583229467
100003098666043
1547032809
100005107624285
1786457883
100003919067708
100004139196236
1234497923
100000496624624
100001845381254
100003291216136
100002400836752
100002712470918
100001364518916
100000111674661
1097664543
1099371147
100001274444254
100003522725231
100004994640893
1706090848
100003158265693
722757138
100000655123921
100002337454267
100001479067769
100000462049190
100001887593914
100002332027666
1821731842
1413761029
1110300190
100004066333719
1472186063
100004443214281
100001398227572
1063166105
1361667367
100003228073004
100001525651631
100000056246122
100004066272752
100002138045684
100000222266669
100002170937975
1822142323
1433564828
100003134824989
1510570144
1393888066
100002235775387
100004832520832
100004482271898
100003307298573
100002876793380
100000149257795
100000644953714
1076510410
1250114179
1820757485
100000760519879
100002237026072
100002158730439
100002537395910
100000274873296
100002533794738
100003989344753
100000538727875
100005720311985
100001928919965
100005720474629
100000537212982
100000508159598
100004520472558
100005601062203
1429405259
1584665030
7023286
100000832331067
100002299298907
1346261635
100003349071508
100005178792464
1535943837
1009231400
77306936
100002604798261
100000904387198
100005537732251
100000049393229
100000394717166
100003492950702
100004995247447
100000087527708
1756149062
100004758723062
1464261867
100002698929500
100005096923438
100003854374338
100004316732335
100000732161595
1178112957
100002232259716
100000366546099
100002675492749
810224991
100000603075880
100000223444986
100001424718652
100003927640629
100001051338032
100001813304084
100000228214076
100002587287463
100000956312586
1718003291
100003132101215
1660754218
100000077206792
100003913346889
567441751
100003981706056
100000570529387
100003682122417
100004949342987
100005633802611
100002174929043
100002535948953
100001148528629
100000388522277
100002724453709
100000902985258
100000602509425
661765058
100004014524874
100005980873796
100002349088457
100005527243636
1313791784
100004785067890
100002684483796
100000855816649
100000398444916
100005379425479
100000177308403
100002029336582
100004773584320
100000127577904
100001888878096
1789993183
100004027216891
1292085950
100004205469160
100003525488294
807108465
100005938623275
100000609021649
100003433502110
100005405916199
100001139830939
100001849930653
1308613267
100001785694949
100005227563649
100003051979455
100004282746949
100004002816463
100001083219597
100003392042872
100000565165803
100002818697154
100000488966983
100000301617730
100000093999934
100001938538603
100000162995986
1659831819
100002607607958
1576836823
1257195148
100004024606229
100003786572256
100003491410751
1367514297
100000649751514
100000127353332
100001900161146
1365968789
100004282359305
100002172491636
100003397815556
100000314297084
100005545572497
1720920166
1062269151
1244674861
100006279331598
73100017
509392729
100001182849361
100001455307694
100005241752435
1460697307
100000661408029
100004935486692
100000843697435
100001112538563
100004997794209
100003201266584
1151104844
1296650397
100002045521033
100002328381415
100001298638797
100000386454252
1533832069
100000332025039
100000615339239
100001867826217
100001909724176
1838438914
100005650242037
100004225543759
100005940462571
100004385199971
1362804500
211202427
100004958132747
1224760267
100005737213268
100002033201619
100004841192231
100000605176695
100001408136895
1477636756
100000592277886
1372728986
100001959724829
100004035231216
100003674351326
100003839124741
100002508046721
100003573497236
100004275660234
1603373345
100000097086398
100001425481699
100000252295599
100000058911711
100000941627631
100000161390972
1814240549
100002529312112
100004958495202
1830338939
100000745030858
100001320940760
100002005541909
100003233991344
1655019370
100001275386303
100001116107856
100003748936475
1498082469
100002678320235
100001179168538
100002165852250
100001107138828
100000877516022
100005291707167
100000576776119
100003674606688
810029941
100005089924105
100000114468128
100004338914264
1104729048
1375810795
100000292079499
1366517477
100001269316430
100001262675439
100000201297385
100000014369133
100001714256463
100001805469973
100004263490912
100005364489134
100000006044466
100004135453353
402366379840296
1631113203
100001381737532
100000526401029
100000750410161
100000729741675
100002284312102
1374074481
100001526013914
100002215016746
100004468026735
1683617829
100000639455808
1472382664
100001274888522
1249795629
578361308
100002102337417
1342437462
1475434935
100003146020530
100000471327448
100000136156665
1058216346
100000836082515
100001357382442
100001845813743
1699868042
100000049749328
100003730743896
100004421282363
1553843467
100004343883695
100001754689639
100000062364738
1475484458
1059827000
100005926867651
100002048474753
100000792053998
1032710079
100001504060367
100000677913655
100004986851446
100000827690977
100000131887344
1421083437
100002329427507
1646217022
1423218173
100006152709097
100003342297250
1047669713
100004025281576
100004368243750
689173644
100000989132696
1656225924
100002416383510
100002252557795
1538741346
100001260864262
100002235862118
596472860
100000720036011
100005456706272
100003910702916
1093405849
100000456226773
1056357740
100000068661423
1280220177
100002190595004
100003388724014
1416252754
100001755600295
100005575274493
100001451126911
100003066887090
1786176743
100003978325069
100004607553480
100002051992526
100003492756856
1023351803
524135765
100000826722395
100003004752141
100006288542249
100000422152155
100002682884273
100003755461285
1430991518
100002674653949
100004589941575
100001306290256
100001559169073
100000961095124
100001756569911
100000099467758
100003945881906
100000591442263
100000629657951
1335945878
1104361081
1095053768
100000352241973
100004349204420
100000690983033
1231261162
100004700502898
100000189051232
1307054790
100000802735213
100003000697955
100002286352301
100000012192345
100005332836774
100000176283094
100000368638885
100001460921433
100002260137290
683063130
100002128686374
100000743300678
100000844510835
100004938250350
100002806359179
100002705345395
100003711638660
1269783235
1100092155
100001702596415
100000627535536
100002881975094
100003734117254
100005072135643
1372778316
100003872844436
100004869728388
100002368432763
100002018063065
730346747
100001762225862
1401220837
1557409394
100001727125014
100003958671589
100001598285813
100001524465417
1258386903
100003817640759
100004061842891
1430504224
100000913401651
100000212736126
1647232125
100001679092915
100003054546862
1010755146
100003187610677
265434656818439
100002682622838
100006054545410
100001662725753
100001705584134
100000240969146
100004171424064
100002218448360
100004565341515
100000264460872
100004352861538
100001578609892
836980000
1655103008
100001138150620
100002400317776
100004156390680
100002144651137
100002693950527
1379858442
100000548973737
100001936644224
100003159786118
1251421227
581235142
100001827199455
1447377879
100000789110127
100001631805272
100001270505913
100005623002781
100004192360569
100000181823492
100001680535808
553198941
100002363600348
100000851693237
100001864256504
100004069142859
1639089416
100002196095546
100002035546961
100004252531129
100003400075078
1707177083
100003474513834
100002413895916
100004841520168
100000135129038
100002389326942
100000924008304
100004606475971
100003187248474
100005638749139
100005024283255
100001202275746
100003005235652
100002570876711
100003851240477
1705250066
100000837185056
100003958135626
100003577272881
100004419163663
100002283270312
100004646704376
100002415702574
100001448330323
1029995707
100005821473303
100003794496678
1370784199
100000840625795
100002123990895
100003152757966
100003380330186
100000589076570
100001286656143
100003799821231
100002051204856
100004328343578
100000288933467
100003241983895
100000665649808
100004891200140
100003234960019
1459200505
100005155804340
100000123406325
100004045337953
100003769756146
100001874661492
100004357717462
100000015487941
100000988015893
100004311360413
100002679109752
1282560921
100001015272790
100000033376607
100001829815957
546046108
100002243627729
545533235
100004347967593
100002725227193
1480820514
100003479662083
100001556869983
100000240470406
73308699
100004837903118
100003600284524
1039449790
100004696440415
100000707471704
100000590590354
100002437466720
100003568267458
1553018373
100000604046522
100001375165650
1434425614
100001722999936
100000501518909
100000516805993
100004690507855
100003803088502
100001372766150
100002906503983
100002151803910
100003357441142
100000391300052
10702303
1323184491
100001012849530
100000121131982
100001042871203
100004343103212
1126642165
1428765200
100002405910816
100002887081715
1308198493
100002340340143
100001989519595
100002685933330
1482816392
100003298216893
100002527304238
1607176232
100004007328657
1632836607
1421016243
100001154357173
100000570163711
1336523698
1547171873
100000674087005
100000240232133
100005011573329
1713949574
1114557754
100003485277545
100004396633200
100002257296813
100001447417534
473252196038276
100004324773913
100000028087019
1466646825
1274288416
100000908857897
100001323908482
1388051990
100004247076890
100000998880506
617475436
100003402684324
100002464713399
505023103
100000195592225
100001735076451
100004706112587
100001245890100
1680679528
100003962105710
100004896281078
1450722244
100002008976501
100004136287351
100004837683262
100001862982476
100001699188048
100004755492098
100001693448853
502783558
100001365243168
1371770961
100002245839294
100005631901074
100000582104393
1835586461
100000459636263
100000103608995
100001700378298
1308651289
100001692162238
1746444429
100004525239653
100001390437884
100003085629141
100001205597110
1342230714
1182275133
100004666117940
100002378800126
1013996654
1445610614
100005179351382
100001958979109
523518008
100003884403148
100000080179023
1390821720
100001555582851
100002805233238
594822841
100002600396761
1515285588
100001721934468
100003625905907
1107167072
100000002613042
100000420168756
100006117612244
100004376893793
100001440822038
100001042976623
100000509005993
100000309075843
100000630391456
100001418425622
100006194496821
100005651882169
798434687
100001498450062
100001084872436
1155096971
100000317595039
100004804985800
100000937001008
100001883544468
100002766465013
100003506811285
100004947639196
100002164059760
176745122390188
100002323159180
1850926643
100006136620871
1791679986
547440368
100002147652118
100000418694830
100001783455565
100000744313189
1395128590
100000174677629
100005312162507
100002873628195
100000285910851
100001858725948
1331611822
1523836575
100000660760564
100000085520827
1665911813
100000173586658
1783036691
100004725032845
700056613
100004294716744
1548085644
100000623340367
100002175701644
100001440983352
100002068861394
100003060613478
100003713052053
1725656651
685053986
100001418161622
100001951389527
1312728976
100004622850513
1748065132
100000938250717
100004841471282
100002215908601
100001632293453
100002441689858
100005271933794
100004275223341
100001827132798
100000575170596
1798329084
714538542
1308400158
100001436733118
100001811692376
100000467521018
100004249171481
100002947887801
100000665565326
100000036036006
100000760433394
100001253816266
100000720745363
100002453218439
100003757075581
100002956198489
100001817873136
100002258525788
1310954323
100001948768493
1279094507
1466181472
100001042603605
100000019280785
629687459
1001795681
1679330265
100001740092788
100002768637170
100003297459879
617985285
100001945640220
1771764261
100002572521434
1516465869
100001974132888
100000358108484
659773446
100000505315643
100004098247810
1639646923
670168498
100003973814987
100000216512935
100000588375800
1488612602
100004554823870
100000957375873
100003121177802
100004680430963
1104136011
100000246433491
100000427964735
100000850123723
100001688945860
1034997521
100002100767057
100004228176830
100004588478473
100000187444465
100004982834290
1657504085
100000725901634
1082704069
100000706142285
100001225051683
1220861805
100000880061232
100001831176418
100003348724790
1262588123
100004292552591
100003621537797
100001472458139
100004842281464
100003671767338
622191360
1203375683
1487376710
100002026267211
100003401703195
1254626017
100002973613406
1839996479
100000707196456
100000689024064
100000328599936
100001468472304
1617874495
1532071327
1633945145
100000964205653
100004118378065
100002257395590
100000094003720
501460455
100000599717637
1399593372
745060361
100002101700934
100003895373766
100000263500241
100001210121775
100001951507744
100002393534090
100000236953698
100001406765534
100002326562456
100001376183694
1215908811
100001639062239
100000732995408
1357905844
1353495108
604173990
1559951487
100004843388497
100004498749886
100004977368895
100004545604608
100000644625109
100004995573212
1482181995
100002313579239
100000427951842
100001567798376
100004694318495
100004866191264
561086193
1306318817
100003293853678
100001691500904
1118932838
100004350307136
100005086535427
100000552971121
100000370222859
1442231853
1005318662
100005167892485
100002006618133
1492089779
1599215273
1594756545
100002073236977
1022697575
100004934442169
100003657187224
100004391706099
1775315604
100003089133239
100000967792568
1368648528
100001725422103
100000625780171
1408938803
1347030140
1261098952
100002176050564
100002265219475
1613902077
100000288524155
100000459378737
100000030126078
100004329721933
100005294406696
100002523468934
100004660147928
100002063891402
1243420581
100005539681943
100004637581369
100001027984593
100000650163639
100000268105486
100000684921939
100003879896028
100000908423761
100001695841371
100001381922982
100005520510410
1180094152
1266537978
777788327
100002223627239
100000133248226
1020483347
100002654037352
100000840818816
1049224149
1514635023
100000188594182
100002444605648
1342563000
100000812604004
100000725146355
1015564791
1583376507
1514635750
100003317689849
1588064070
100001873084982
662261532
100001407765759
100003365375480
100000247149518
100000873102386
1490562941
217268911747382
100003791905075
100002478013060
100002209836877
100004791488135
100006220841246
100003700812625
100002526689123
781413078
100006028537930
100002750023412
1679833363
1503829517
1507103603
1594685006
100004565769256
100002759415081
742260472
100000631404822
100000434830985
100001857778657
100002011301814
100001546662624
100000728112117
1116906248
1644072280
100002065883938
1757471111
100000506835182
100003647346811
100002555780664
100000920652027
1818363423
100000630518908
100001158814540
100005174616273
100002160025276
100002468208541
100000673514531
1210790757
677550442
100004855923048
100002580675141
1605351689
100001965689258
100002745890968
100005382903249
100000420145327
100003524413324
635101629
1239228188
1469582480
100001242711955
100002373620303
100000154075739
100000492894262
1412426458
1824543133
100003946348017
100003732355546
100003595585268
100000431976968
100006159515557
591577915
100000606603340
100004297140904
100003099472450
1534688288
100004851458852
100001964274040
100000725897781
1418422111
100002630417483
100000411859180
644600916
100005399737405
100003218497014
100005418991810
1129057491
100000654752604
100004069774274
672648832
100004902481157
100001418050073
100005141886186
100000148485297
724118052
100002993459137
100000892480353
100002797767750
757257242
100005134569508
100002097524563
100002286678893
100001817232156
1765119983
408837792485120
564726371
100000823798619
100003794731054
100003373627924
1511374227
100000423041963
506083147
100000629809260
100000226279611
100003914877110
1451741004
100000652077029
100003183678870
100002381994473
100005273794962
100002706884625
1270534759
100001724436105
100003347697774
100000971797952
100001301512111
1410427115
100003962096382
714577843
100000571122542
1506460944
100002080119778
100000009197759
100003947422734
100001709994851
1263960032
1549868096
100004400621160
1546186721
100001386842202
100005591049060
100004763144504
100003870199259
100001384397797
1629272752
100001804305157
100000256935493
100001395588100
100000904542118
711125380
552402766
100004435208332
1075115636
1101870871
100005182413883
1811498071
100002609733818
1410024608
100000430572558
100001802223125
100001628251919
1291362227
100001588744853
100001468332481
100002435546597
1246715744
590013592
100001205053139
194401657
625786245
565263661
100000272658848
1761932297
100000212767237
100000169448228
100000059524451
1757725690
100004092754710
100001409931087
100003198750006
100004331565077
100002361325330
1119861854
100001650131563
100003798645352
100002850068578
100001112546514
1508301891
100005575892123
100000208814065
100003692757437
1474070744
100001908977642
100000732396900
1824984601
100003792893645
100001745982504
100003154884185
100005284055943
100003739222683
100001893680030
100002152573614
1174931507
1262426294
100005469576375
100002537590865
100000741460867
100000683370766
100002033928618
100001246541754
100002359117821
1365180335
100000100945307
100002976003752
100001964335771
100003100957938
186179581421044
100002100230928
1287593402
100003504671638
100003309856596
100003774692121
100002286795189
100000471068626
100000215689851
100005484451847
100001264630328
1658436546
1116888799
1405878518
100003109897220
1765430348
100000990344740
1301411800
100001126900767
100000757484582
1637926896
100000390349228
100002597980195
100002765825276
1504905165
100001648721256
100003865536457
100000237378053
100003275434947
100002115042332
739221029
100004415893500
100001064743250
100000497336783
100004611123584
100001563531638
1252380646
1683331874
1066257203
100002004397803
100001416789411
100003633069846
769178770
100001094529191
503283020
678367270
1398455042
100005779440263
1489452750
100001254597942
100000477854150
100002769674429
100003734762242
1015768662
100003678305980
100004676802361
100003531387687
100004836038753
100001915212600
100002335378670
118403647
100003416102121
100002498807555
1614579565
100003261723331
100000541913601
1657880726
1601681547
1329271916
100000936319335
1085102031
212402662
100000842701883
1472355171
100000603931819
100003978061641
1432032530
100005777892601
100000638808523
100004894687352
100003510951675
100003498894485
100003666317183
729205801
204591956257953
100004175435837
704045621
100003784334784
100000011696322
100004580077024
100000270367094
100003816174231
1817656177
1321104790
100002325222625
1199341153
100004926754265
100004787794597
100000614461054
100000419452350
100004285568221
1356132009
100000605805847
100003366097679
100004120081860
100002590353827
1566411183
842060602
1292656600
100005117281880
556291638
100000781038824
100001559635587
100000445068193
100001537010598
100000934902378
100002584914156
100000640186467
100000530590447
1793057768
100000855562864
1752862094
602699941
100004132472404
100005347781614
100000484384109
100001120089303
1544924445
100004748528944
100004627771335
100001342933931
100004069868169
100001476464994
100004771142614
1507269763
100001010066067
100004961823838
100004521692742
42401974
100000801280179
100002971017528
100002451090210
1147988215
100001109551167
100001381983705
1131829139
25406604
100003229880779
100000498851946
100001528683572
100003138415029
100004477264805
100004892041627
100004058017398
100002212899287
100001340207730
552651438
1341826515
1064355730
100000893595145
1349661150
100001183351775
100003303436592
100000530853877
1173699652
1289860917
1736221417
1472201052
1693793470
100002720949092
100000888143384
100002900590695
100003504565150
100000802429850
606594622
100000642853919
100002429380715
100005109334481
100000764711656
1254270857
100000821164711
1800391790
512966930
100004153384683
100000538241397
1327132646
100000695585556
100002600541346
100003100203194
100000422117258
100003725967660
100000700673603
628996439
100003131389671
100000607563969
1161788519
100004333394579
747517875
100000508929162
279507982149622
100000237468069
100001046341359
100003830017486
100001417447911
100002232559957
100004702422259
100000291135743
100002131850397
100002674468149
1107100133
100001343261524
100002728177274
100001341051055
100005061991265
100003068940926
100000639868630
225700681
100002952946330
583970894
100002984929466
100000227406985
100004851183263
1268625133
834189259
100000730319223
1176596373
100000153221942
748394738
100002887576326
100000164875654
100001240179924
1678694377
1477137649
100000033919652
700305724
100002553806731
100001547326881
769069509
100002624540892
100001958372026
100000461798025
100000677573628
776788292
100003399215623
100002190653568
100000225416408
100002696241943
100004070794817
1795968599
100004185373578
100000256612997
100001493238930
1781863551
1616694952
1336541980
100000920454208
100001670229857
100001210736073
100004191730530
100000466758442
1268120508
100002608078186
100000332048175
100004635062481
100002513379435
1621272999
100001854320256
100000453790451
100003458912210
100000118269584
100000281464354
100001037975042
100003947948221
100004074038565
100001985798976
100002179452477
100002751770527
100000436404575
502064449
100002359982172
100000657647750
100003471256003
100004953300497
100002531572436
100002188427855
100005460782400
100000703488925
100002380615567
1149637308
100004733559578
100004418644474
100002705932106
100000410267131
100000640198453
1159535600
100001321407310
616996683
100002460537520
100000606053524
100003381584373
1471140476
100004293910880
672686090
1423669081
100000058007514
1440521580
1069682097
100002562003665
100000002079409
100005124963521
100000165315346
100006054577214
100005346674610
100000294564671
100000518546291
100000024817564
100005262793263
100005391420798
100000376928169
1133270424
1341229453
100002047706773
100002367800381
100004403350306
1515234551
1485233665
100000752421072
100000898251283
100000753660048
100003697762865
100000621153805
100005569502906
100003780190835
1168957239
1346181616
100001168027703
1196391722
100001923013157
100004374877214
100001450567617
100000264882779
100004549150298
100005061519548
730994826
691996061
100001380885903
1086787235
100002807525387
100001417847554
1044808387
100002654244342
1257524966
100001995765456
100001676060447
1531185378
1067125587
1623056147
1789521900
1446537628
1660835830
100005752751906
100002625866845
1123382664
100000433773743
100001073785722
100001270042824
100004691791075
1123161400
100001032745167
1578976670
1601404986
100002387002956
100003206710928
100005561894555
100001127356874
100000623677336
1021177001
100002532263357
100000579134735
100003316182553
100005398410594
100004676073700
100001928908868
100000781734224
100001333035285
1089000561
100004091971550
100000759302234
100003628412198
1683636558
100000061307175
1190840103
825544760
100002509023198
100005231290118
100001352165426
100002739382598
100001895950344
513868649
1004493503
1053169792
1832396242
100002208601392
1179470789
100001009144187
100000831020138
100001729755366
717362298
100000763797160
100001683073191
100000788605853
100001196220433
227496857280900
100001789167507
100002555022426
100000932700938
100000842886351
1540338017
100001933609580
100004704489265
100002986908483
100000523646443
100001747650359
1560027637
100001943173287
100004590185056
100002241031533
100000747578383
100004290822047
100005279970872
100000900998206
100000012113773
100002607457150
100001477001082
1823877606
100000108931094
100006171847541
100004098286028
1021191278
100002102058941
1559266245
100001105353485
100000748293483
100000659311631
100000237000432
216900854
709206685
1487996363
100001710789014
100001739785307
100001510777588
100003090210066
100000451922364
100004178529298
100001219497147
100003290160379
100001538285335
1066839399
100000937980480
1310654360
100001534251566
100003804465766
1819847206
100002322192709
100003263733192
1380602120
100004110724384
1700481412
1403872760
100000731654899
100005025249434
100001726790319
1316514975
1354064846
100005836204400
1527822010
100001050735141
100004840363659
100005122721085
1358824771
1633880000
800145838
100001388040545
423728634360217
100001353648620
100004917395734
140097436089970
100002658917697
100000454520254
100000479465152
762071551
100005217816033
100001231796800
100002821226101
100001663503817
100000182702014
100001352081252
1075450536
1153832688
100002208497716
1063715360
1035940432
100004945924777
100004585264883
569162700
100001965876894
100001983660876
1120733999
100003197998768
100001042755765
1433809785
100000440769279
100001448838927
100003619273101
100001506152680
100004400112549
100000882657665
100003969026247
100005392865768
100001544268884
100003949373044
100005499332056
1264736275
100002492936914
227440337294800
100001712543161
1350695070
1569152340
100000342541417
100003558218252
100000853891328
100002419843993
1725685091
100001193574415
100001687077184
100001900924138
823414520
1230370234
100005127631254
100004654775979
100001005353117
567955961
100002064694552
100002033031402
100000659621612
100000318096341
1012197408
100004452930340
100004081302251
100000045508242
100003312642243
1727504224
100002004568289
100002099071211
1386802762
1674803176
100001562161878
100003051193746
100001972886915
100000721257634
100003643628620
100000271678265
100003090351385
100004054252066
100005083896620
100000016973978
661448876
100000241129201
771147551
194235130721939
1382000011
100003352935918
1043731430
100002341825549
100000847417342
100001334748915
1730052843
100002447966091
790553917
100000041199522
472528416147026
100005401931780
100004647395727
100000340687966
100000578697400
1554974130
100001757846726
1670947677
1642102577
802107697
1037517039
100004916443437
100000330213334
100004565413776
100002668445597
100000823977375
100004668552310
100001246514431
100003877310413
1763395063
1333773841
100006117902263
1718760722
1305737599
100004662879445
689497732
1811465966
548714821808782
100003832420271
1303118609
100002567967184
100001920016335
100005163631267
100000368919451
100002823121204
100002087425195
100004078899784
100004345119391
100004933626469
100002259077699
100002679435540
100003665670006
100004060728574
612216177
853304230
100002855070100
100000415292126
100004596692080
100001570925810
100002099193803
100004399148607
1572153550
100001547344261
100001424645205
100005470860347
100004322790110
100000565631835
1594874643
100005328284178
100001439241849
100002955305129
100001444009288
544577413
166900524
100002622041535
1416650222
100004447064395
100001787565713
100004095620070
599552982
100002455055718
100004887073272
100000251915959
100005939915566
100002963323333
100000839330681
100004216330960
100004508799850
100004145804635
100000339837474
1476205370
1474221536
100001780857447
100001444416004
100003346770170
100004926224396
100004286314002
1407231953
1068615452
100004919222343
100000679842805
1263325998
100001001762753
100000037670729
100004706616869
100000248455074
100003617293366
100003256228290
100003536569281
1266845187
1410405573
100001543078392
100001026532138
100005140602112
100001053110048
100003122488536
502874257
100005539654926
100003464201346
100002770412887
100000319512539
1231830180
1786720623
100001737394210
100000137262456
100000148727847
100004591414333
100000028208282
100002902814476
100004608756236
100001350682261
100000050306029
1147153184
100002646018723
608344043
100003739761437
1326205000
100004958352003
1321888300
100000939662638
100000467181814
100002603980215
100002754660338
100000183948187
100005380657406
100000814938588
1459110079
100003687112363
671148391
100003744675614
100001011031830
643349702
100005029753476
1829866440
100000078081384
100006249335634
100000137349512
100000925648310
100002413740547
100001422774755
100003716008145
100004141783150
100003914040835
1810364453
100002888654453
100004983394138
100000513706619
100000839248125
100003721548358
100004033460868
100001008325563
100003578196590
1399747280
100000581815425
100002546680131
100003212015196
100004018338774
100001168015172
100004272460409
100004593750310
100002305808002
100004367232157
100004663233620
1321701348
525615523
1018202310
100000407388432
100000592012860
100000890127726
100001798913817
621212972
1160767312
100001205056266
100004510921902
100001095117838
100001594971821
1290456579
1657358985
100001911347546
100001129234310
100000843713223
100002325923216
100000172863825
650177659
100000666963653
100004551607848
100003734449865
571171936
100002281963278
100003158401277
100000372958825
100005228892849
100002261631093
1416218
100000225948600
1297623677
100003825083881
100001605398913
834610767
100000112705299
100000650139688
100002208599175
1078227018
100002048883275
100002819991393
100001686431647
100002860246168
100000266889637
100001873795949
100004723028393
1363299216
100000142631889
1189137843
1776772356
100004969266635
100004407999745
100000986050463
100002563180464
1345872546
100001246639847
100002269793215
100002646741838
100000160686045
100000142060565
100001826387903
1316581325
100001820291651
100004160263559
100000167203254
1507879210
100002440138189
100002923277277
100005043933459
1531687000
1436825226
1507185870
100003811095556
580660225
100002009745178
100003381496102
1611267857
100002460105927
1493224986
100002585731701
100000638686318
100004010763065
100001465416895
100000357518108
1443432738
1513030641
100000465986570
1670935835
100001153339770
100004571430582
1624257187
1560608355
100002444308739
100001651492209
100003094007858
1728469663
1494975932
100000711540967
100003774644125
100001302633565
26601551
594997841
100002986795672
1429364666
100000880453956
100004234873821
100000743361726
100001201814052
663654463
100001257575492
100000439868914
1212628343
100001449966291
100003666304668
100005251243013
100000390292305
1269199342
100003140053687
100001883702742
1566682500
100001784084539
100004091730335
100001760490584
677988213
100003730943849
100003500310811
100001207798710
100001912571666
100000638915382
505998547
100003275394483
100002483656366
100004840411285
100002431913656
100002289426683
100001436278707
100001203315736
100002431110669
