1807191411
100001685278359
540551550
100003528296152
100000604366073
100004311360413
100005009581565
806064849
1131829139
100000299279542
676682930
100005736191530
100001285209738
1495183992
100000851727942
1691221207
567561254
1338759669
1271728651
1213678181
100000029193408
100000657971327
100000695246356
100000276208110
100002852542412
100000610212758
100000458810883
100005664484516
100003693131235
1418269306
100000584732816
1463326111
100004680008136
737445235
100002189308161
642561717
719266731
100003104180547
100000615181485
100000903363137
662511613
668339873
100003302064593
1009301769
100000450673341
1631424619
1565612972
1776750011
100002666576489
100001161918382
1655019370
1266812691
100002223213521
100000989224054
100002623075473
49008010
100000454202154
1812522893
100000233620860
1241738459
100000422152155
100001995683708
100001621507046
100001669744438
100000593188245
1186145339
100005432257555
100002623925898
625896566
1390760835
100001864256504
100003196247450
100001191630987
100000602778996
507421595
100000739502639
1172987219
100000103430761
100002407983420
1471742833
100001902774939
100002338340319
100001673756250
793450494
125765614195673
1183471439
100002203172839
1134618640
100000129739397
100000153417752
1640327934
100000304505964
100002722546601
1481824192
100000538721868
100001764588574
100000903965911
100000989511840
1578723292
1098524194
100001598876909
100001684217788
100002363165697
100000194321608
1236380210
1562666991
100000920652027
1317500941
1217823728
100001753303152
100001012849530
1449652304
1123706518
100003184869124
100000587453853
100004343103212
100003072058172
100001055260499
847140483
100001706801671
1038233941
1786457883
1164386975
1234497923
100002400836752
1038818141
1230093074
1097664543
100000705755610
562856379
38501986
100003298009515
100001114591854
611564812
100004994640893
100002736939457
1254270857
100000462049190
100000713093786
100001887593914
606594622
1821731842
100002340340143
100004066333719
1472186063
100002292250448
100000033919652
1800256788
100002138045684
1310073923
100003193165091
1393888066
100002235775387
755772517
1644857937
100000149257795
1076510410
1655090430
100001051089011
100002933469578
100005720474629
100004295651197
1786742069
1205274572
100003279572074
100002604798261
100000394717166
1767079313
1712281919
741276472
1263244695
1178112957
100002232259716
593023899
1262683098
100001424718652
100000023465978
100003056762659
100000550671578
1718003291
1660754218
100000150736578
100000355192491
100002303919759
1603105572
100000570529387
100002586850743
100002353102483
671838999
100001645007103
100003008456741
1416218
100000902985258
100000602509425
1773772790
1203634141
804695136
100002349088457
100003811095556
100000236323444
1313791784
100002620778694
100004785067890
100003221924679
1552141491
100000156546921
100001314949494
100003533599788
100000177308403
100002029336582
100004773584320
100001242475692
1789993183
100000373906449
100003433502110
100005405916199
100005061991265
1091551483
1752617308
1308613267
100005337403315
1427845611
100004282746949
100000565165803
100003791907682
1493497351
100001014450352
100000162995986
1071127998
1257195148
1718813957
100000227406985
100000649751514
100000812604004
1720437270
100004282359305
847754678
100003397815556
100000064152603
100001607743513
1259284462
567757324
100000996859680
100001182849361
100003163442583
647224993
100000843697435
100002131530246
1653895615
100002998862245
100002236548322
100001649232691
100001298638797
100001888878096
100001867826217
100001101926320
100002088654000
100001957342046
1183603754
100005737213268
100002887576326
100001408136895
1116521283
100000592277886
1372728986
100000883121383
100003573497236
100001436284151
100001221184322
100002283974414
100001262517992
1477746292
100000775377600
1830338939
1442994396
100002297472225
100000174505518
100001061994732
1498082469
100002678320235
100004349204420
100000877516022
100000727630502
100005291707167
775668558
100005057736731
100004338914264
1104729048
1375810795
100003074324096
1366517477
100000201297385
1258633141
100001714256463
100002926225799
100003255748677
100000620580415
100004135453353
1424245653
402366379840296
1631113203
100000526401029
759889967
100000750410161
100000729741675
100004396633200
556617370
1180359460
100004015818563
100001693448853
1839226958
100000646248950
100000368143807
100000317595039
1135614055
100002726436990
100002040209110
100002947887801
1782800555
1073556804
100000677913655
1742906106
100000827690977
1209452380
100002329427507
100001591982111
100000122123267
1266540588
100000777755289
1559951487
1538323680
505998547
1225784512
1538741346
1093405849
100001329830314
100001622190163
100000582104393
100000718696172
100004607553480
100003645046221
1433930709
1081673558
1023351803
524135765
1558272836
100003004752141
100005141886186
1070332031
100004589941575
100000961095124
100003194472345
100000591442263
100000429969763
549694547
1104361081
1095053768
1231261162
100001827951979
1651752572
581485700
100002286352301
100001332192714
100005332836774
1190958446
1410309115
100001460921433
100002260137290
100004938250350
100001117172293
100002705345395
100003711638660
100002986293556
100001702596415
1369532305
1107971129
100003734117254
100005072135643
100003872844436
100001120620533
100002018063065
730346747
100001929002406
100001727125014
100000800260301
1432245176
100003054546862
1010755146
1623056147
100006054545410
100004565341515
630425456
100002693950527
1781863551
1809219823
704491981
100001936644224
100001445019067
100003118305340
100003159786118
1552763853
100002273958636
581235142
100001728746446
722549787
553198941
500034599
100000150531933
100000148134763
598854257
100002951736406
100002413895916
100002723549069
100000135129038
100004606475971
1536360492
1029995707
100002102337417
100003794496678
100001648420920
100000840625795
100002123990895
100001286656143
100003799821231
100000213428903
100000504107317
100004328343578
1637893023
100000665649808
715773711
1528062496
100000123406325
1029342167
100000281464354
100000701166211
100001541938450
100001015272790
762386669
100001372470385
100001575254549
100004837903118
100001426957122
100003275203913
100000707471704
100002437466720
742260472
100000376273042
100001167316185
100000059856552
100000145680214
727560257
100001721934468
100000354450007
1323184491
1069432322
1509336705
1126642165
100001220824223
100000247601792
572366200
713910096
1482816392
100003298216893
100001296920588
59001987
100001574404608
100004007328657
1497931599
100000570163711
505023103
1431426603
100000240232133
100005011573329
1281721239
100000005968070
1713949574
100003485277545
100000677971062
100000709151636
100001918014094
100001560956825
620390163
100001037026458
1388051990
617475436
100001262675439
1264306153
100002008976501
100000560612650
100001862982476
100001101429811
502783558
100000068661423
100003755461285
1218038415
100000155076832
100002936121395
100000458941507
1440460977
589280775
1731515914
100002705677415
100001284533105
623634810
100004666117940
1445610614
1231614335
100005179351382
100001958979109
1649200214
100002817167714
1488856014
1390821720
100001555582851
100002900632760
1261981433
100001321407310
1839390201
1607176232
1154905275
100001440822038
100000309075843
100003527770379
100001700378298
100001487691344
100001498450062
100000937001008
1068355276
1344003733
1791679986
547440368
100002408562289
1547222273
100001858725948
1523836575
100000605085952
100001106059471
100004725032845
100001676382829
100000132422442
100000623340367
100002175701644
1353495108
500028673
1725656651
1491136978
100003290160379
1112333136
100000575170596
1552815392
100000984655354
1308400158
100004249171481
100001253816266
100002482196982
582197869
100002453218439
87800892
100002258525788
100004192360569
100001042603605
629687459
100003297459879
617985285
100002774148275
100001526547532
1816178043
1516465869
610246588
100001974132888
1646690430
100001803454689
100000421890070
100000610168549
25113143
100000124923684
55400565
100000216512935
100004554823870
100000957375873
1104136011
100000246433491
100000479341644
100001203334998
100000625071254
100000468452645
1220861805
100000920454208
745116737
100000251211812
1262588123
100004842281464
622191360
1254626017
630107098
100000707196456
100000689024064
1520989314
712880189
100002833524673
1089000561
1422495338
100000167272767
100001009144187
100003354135107
100004118378065
12408322
1019605488
100003080011745
100000498859362
100002185179078
1399593372
682975958
1363471427
100000657000959
1646217022
100002393534090
100001376183694
100000691551711
100000732995408
100000620805302
1646923852
100002286519054
100002342591681
100003220963947
100004977368895
100004545604608
100001016426545
506495376
100000554835110
100000427951842
1352534726
512996732
100004866191264
588257511
100003096496064
1118932838
100005086535427
1034688231
592247844
100000445892710
579491058
100005569502906
681488100
100003089133239
100000116480172
1421890714
100001058070770
1353109454
100000256753411
1261098952
100001511752604
100002176050564
1537837854
1477008581
100000464829182
100000749585036
1613902077
1097640323
100000288524155
100000459378737
100000795224477
100005294406696
765229439
100002063891402
100005539681943
1091596007
1480548641
100000927018601
100000684921939
139144336148024
100000671298938
1581750777
100000621153805
1266537978
777788327
100002223627239
100000188594182
100002444605648
1659452936
1798567208
100003365375480
1142028696
100003492836538
100000873102386
100000034977539
1178996517
100004019578449
779647717
1507103603
100002929809939
1623122221
100003132146188
510447740
100000264882779
100000434830985
100001857778657
100003055272190
1504569349
1065577503
532912275
1644072280
100002065883938
100001986463814
100003647346811
100003536260444
100000630518908
100000268553900
100002051730585
1059783068
1210790757
100002580675141
100001353326693
1372144573
100000941627631
100003710783650
100003524413324
635101629
100000065795915
100000307988437
100000492894262
100002917503155
100002615314213
1140671696
100000766260581
100001798407843
100004297140904
100001056908541
100001575873494
100001964274040
761953462
514104052
1263654846
100000618687501
100000344135779
100002328381415
100005399737405
1129057491
100004069774274
613522352
100004902481157
1062791057
702763426
100001437437381
100000892480353
100002412308284
100000256657371
100002797767750
100000641820949
100002097524563
100002238662517
100002286678893
100001513841826
100000823798619
1267217786
1435481117
1328392961
100003183678870
1293650771
537198022
100002101009546
100002502957940
1124868676
100000009197759
1626913157
100001965576343
1456817335
100000842886351
100000677834257
100002279499100
100000256935493
516083827
552402766
100002127657341
100002235215978
1075115636
100001851870563
585257176
1410024608
1005424987
631495991
1291362227
100003914877110
149739018379195
194401657
625786245
100000169448228
1125663527
100000059524451
100003198750006
100001650131563
100000150855201
100000477293883
537675551
1332795926
1824984601
100003792893645
1230262398
100000321775400
1081431233
100003154884185
1469582480
610295117
100002152573614
1448754772
1175557690
714896085
100001420270519
1598888073
100002359117821
100004069545898
521926201
100002127232443
100000362215170
590013592
821522137
100003100957938
730933007
1453040274
563853638
100002286795189
100000215689851
100003730743896
100001264630328
1658436546
100001270042824
100001680047050
100003109897220
100003919067708
100002568895810
529802514
1504905165
100001510973805
100001648721256
100003865536457
100001017627016
100001047296465
557308335
100003206710928
100001416789411
1112900310
100000103387928
1398455042
522126330
100005779440263
100001502628549
1274901697
1348044739
100002540897490
1519344711
1583376507
1104407497
1508217020
1446537628
749099280
1601681547
551561789
610063369
1064105796
1641318261
100002319281866
1636308450
1432032530
100000513816332
100003498894485
729205801
100004175435837
1415881211
100000011696322
355062999731
1237863001
718366045
1393487486
100001071552461
1096672153
1256246868
100004285568221
514216345
100000605805847
1349470390
100002590353827
100001047235249
1566411183
100000625274631
100005117281880
556291638
1389832469
100001117697320
546938361
100002584042427
100000855562864
687400926
100001120089303
1544924445
100004748528944
100003134054656
100001035006040
100004771142614
100000144996234
100001906144907
100004961823838
100002451090210
657818881
1147988215
100001381983705
1136868410
100000498851946
100001528683572
100004892041627
100000016090359
100003818302645
1064355730
1349661150
100001895950344
1498931861
1811258130
1823086959
1472201052
100002720949092
100002266954638
1573172199
1152724370
100002388607208
100000004299362
100003178278670
1379130207
512966930
519160606
1681574900
1617313484
100003131389671
100000261088375
100001652993047
100002255887330
100001046341359
100002232559957
100001343261524
100001949949744
100003068940926
100000639868630
1722294253
100001901021345
100004438930246
1268625133
100001372686464
100000730319223
748394738
652976293
567029816
1150912305
100003172444488
1678694377
1477137649
100000788605853
769069509
1119902786
1512405506
100001780379024
629423993
1799447749
1521790745
746793223
100003578196590
100001789167507
100001902064290
100001307146961
100002555022426
100000548973737
1616694952
1336541980
1697029382
100001670229857
1632765835
600448473
1138427840
100004635062481
100002594707527
1057962542
100000210169891
100001985798976
658596230
100000810368947
1302744721
648419521
100003471256003
100004953300497
100002601504941
275204372502303
100004733559578
100000410267131
100000640198453
575218471
176745122390188
100001764477808
100003381584373
1350660918
100002767191680
100000418656971
100004566330377
100002562003665
100000002079409
1104542760
100001511958016
100005391420798
1081389980
1794488230
100001225051683
100001701002259
563251289
1283173546
100001062321418
100000415345009
100000898251283
1218595096
1346181616
740091144
100000328518038
508385378
100001450567617
100001671259314
680290803
677851916
730994826
100001242711955
100002784291683
100002897206993
1257524966
1306862350
515660762
1128693675
1368964922
100001409931087
100002495193787
667181456
100002625866845
100000433773743
100001032745167
100001948030077
1578976670
100000623677336
100000579134735
100004676073700
100000781734224
100000194367451
100004329721933
100000492986841
1792684186
100001230268620
100000237000432
100002081390960
1291173230
100000062463438
533543218
100005231290118
1489933562
100002739382598
16200881
148133595202116
1004493503
1016827508
100000821164711
1633945145
100000566792229
1248840022
100001084819726
100002822804188
100002071205958
100000763797160
1582920891
100001179817785
227496857280900
100000932700938
1540338017
100002751770527
620486180
556888203
100001747650359
1025055386
100001943173287
100003090856116
100000747578383
1041544564
1744045965
100005279970872
100002607457150
100002782983959
26883977238
100004098286028
100000645570925
1021191278
1559266245
100001105353485
100000659311631
100002461255129
709206685
1487996363
100001438539596
1202553577
660362072
100001739785307
100001510777588
100000451922364
100000736149392
100002243470503
100001679515833
100000536769836
189469397858
100002069026232
1403872760
100002884943281
100001679435947
644647055
100005024496568
699460519
100000086803409
100004917395734
100001314798656
100002821226101
100001663503817
1255299450
515997771
100003167013606
100001352081252
1627526430
614021828
1061195505
1063715360
1035940432
100001404754394
1250624800
100004595614325
100004585264883
569162700
100003491304225
100003197998768
1612877603
100001591727276
100001475957365
100002927093389
100000827115769
1492981048
100000187233235
100000960509016
100000853891328
100002419843993
100001182724078
100002176362897
100001900924138
1088972812
100004654775979
1819847206
809750494
100001835261532
100002064694552
1235923260
100004452930340
607098537
1061872688
1216293010
100001288826393
100002579211743
1049642608
100004328915323
653030164
100000650617276
100000545814280
100002099071211
1674803176
100000540132071
601924081
100004054252066
1117718478
100000949480735
869825077
6019599
100000130220700
194235130721939
100000158931264
100002984985644
1143420149
100002341825549
100000081694187
100002776587822
100001334748915
100001220650534
100000003238444
790553917
1736128456
100000951896106
100004353123858
508491952
1557746240
100002292603530
510396795
100002538634777
100000752567624
100000330213334
598515652
100004668552310
100001246514431
1052795469
805007146
100002081944251
100003927508097
768582532
100001502447499
100006117902263
100001078173952
1305737599
100004662879445
100001790287212
100001920016335
100000368919451
100001621070304
100002679435540
100003970856153
100002901837470
1538161600
853304230
100000534263258
1557409394
100001570925810
1140914318
100004399148607
1572153550
265434656818439
100001424645205
1794845974
659911620
783232417
100000199899825
1244674861
1417621485
100002059713662
553093836
100002622041535
1410595929
1549104475
100000321625791
1254829860
100002388052148
100002455055718
100000058695879
100001653234347
100002963323333
100000670544001
100004508799850
1476205370
100003519047446
100001365243168
1168058387
100003346770170
100001987573522
1407231953
1769641671
100002535766314
1442231853
100004706616869
100000248455074
100000661731577
1410405573
1669851078
575900668
100005140602112
1838344692
100001053110048
502874257
100001737394210
100000382852403
1410710882
100003625756184
100002347573997
100004591414333
608344043
1513844096
1628648777
100002416765103
100003972044505
100004155699276
100000183948187
100003687112363
100000078081384
100001105420164
100000137349512
100000506567650
100001640656283
100002140382278
100001422774755
1300590102
100001542594511
100003241346649
100003914040835
1810364453
100002888654453
100000839248125
100003989256152
100000073887446
1680887797
100004033460868
100002782643258
1399747280
100000581815425
100002546680131
176487842396787
100004018338774
100001168015172
100004272460409
508538620
100000835433241
1569666304
100000237876526
1538232617
1327768118
63902393
100001909185346
100002213907373
1347083796
621212972
100002454594941
1160767312
1286858722
1551793753
1773232641
100001763927046
1009979968
1091885921
100000172863825
100000666963653
100000625780171
100003734449865
1375152276
100003475376630
1019317363
100000943753810
659769544
100001488144461
1414933227
100003825083881
545657492
100002208599175
100002403170527
762990512
710040274
100002335348479
100002860246168
100000266889637
100000332582392
1189137843
100004969266635
1100028200
1841822784
100001753710461
1203155573
100000503637094
396913880382279
100001826387903
100002838893938
1316581325
100000692883657
100000167203254
1526065912
1389931163
100000142053267
590219571
1555584237
541360502
100000052875106
100003848353643
707106504
1174788163
1670935835
100000239349282
1560608355
100001466539256
100002672827287
1606902025
1728469663
1352280744
1494975932
100000167563172
100001302633565
26601551
553548571
1641189113
100000587452759
100000721257634
100000459547733
1133010247
1548608030
100003914267785
1258517721
100004492805584
100001784084539
100001046626194
100002223242877
100004407999745
100002269793215
100002165157362
100003275394483
1234246958
100000561011769
100002431913656
1539762519
1657358985
100001447669490
100001203315736
100000871726100
1303955822
100000340687966
559666313
100001987053564
1381003634
149338651749696
100001487108906
100004868375908
640404295
100004654272579
1683019290
100000911020156
1634298597
100001157745910
1010335698
100001630667416
1783834157
1127755025
100000424467477
100001982273583
100003639248357
100001855746772
526495063
100002670057483
100003803338502
100000480007874
642213268
737538780
1678363743
1493509025
100001054941595
1267751036
823414520
1626200887
677185071
100003137334804
1183476541
1648941605
1152056810
1830140820
100000313524144
100000691869743
100000618301242
100001791866240
100000194197720
1684721428
100001005353117
100002872228201
100004729238792
1841089516
100000359005003
527296151
1049619604
1216925806
1186952672
100005334553250
1541461444
100002158967262
621745124
535536417
100004767223445
688811571
706895813
100001342814932
1673825320
100000534842321
100004225179355
100000513614302
100001272686364
1360926233
100000194677313
501052724
100000764439866
777463047
100000215409906
100005889038663
510372344
100004684055066
1012197408
100000343151788
100003229515653
100000186751440
100001970076090
100000518961040
100000792075641
100000931526736
100002220901033
1401578912
100001374474177
100000745791568
530949000266953
1613135248
100002346035478
100001183569331
1486890373
100001441980254
1562250860
100003731851378
100001281633347
1219073758
1396708393
651233309
1555701041
100002722181261
100001279193743
100004675180932
100000129349376
1779626634
100003465909704
100000686322823
1307655839
100002906065202
1053181863
734211133
30605599
1342911107
100003195409829
100002322310842
1229322175
1325171564
1426767052
1845605158
553667180
100004660147928
1349056376
1014531114
1058866715
572612096
100000601330561
100001191817369
749576066
1417363747
100001624084758
1283123848
1810719616
100002484637676
100004042360399
36618304
100003310052535
1097745049
1290387951
1367856070
100000267022182
100002349171652
100004167728643
100003636810846
618475856
100001128431329
100001028896730
100002740891831
100000255232312
100004535283790
1583229467
1124697566
100000443254050
100002507833028
100004791488135
1258893362
1359201118
100003291216136
100000477854150
100002712470918
100000640256570
100006220841246
1072495924
100003744235645
730550557
100000655123921
100000893595145
100001249833820
100002090302726
100000257544476
100004360269578
729743580
100003228073004
547100497
1140506479
100002039832556
1157614558
684203186
100000222266669
1822142323
100001699304467
1455863832
1440521580
100002881433088
100004832520832
539411663
1820757485
100002237026072
100002158730439
100002537395910
1466776262
100000765421142
100000538727875
100001928919965
100001060320449
100002076566006
100002760161990
1299018315
100000522398576
1150480341
100000353911312
100003349071508
100005537732251
100004995247447
1437846485
100000748994147
100000511975787
100000447087004
100000732161595
1647947218
100000366546099
100000603075880
100000510062464
100001106281038
794064582
1019318104
100002587287463
1211033129
1431250098
100003616487860
1050758854
599130175
1062493582
100000807966831
712863453
100003981706056
100003132202247
100000319849900
718015285
100002174929043
1169790703
1523062190
100001512894913
601482650
100002108114113
100002516325025
100000388522277
100002313683139
661765058
100004014524874
1694599775
100005527243636
100000855816649
594686825
472528416147026
100005379425479
100001725493891
587429184
100003243343498
1439043378
100004027216891
100003525488294
100001210121775
100002004668744
100000609021649
100004825563968
100001849930653
1680596583
1680282011
100004002816463
100003392042872
100002818697154
100000488966983
100000301617730
100001938538603
100003819427293
100000681301063
100000244305171
509756649
100004024606229
724233087
100001900161146
100005545572497
536470045
100000435035154
646106288
1072390846
100006279331598
1755903112
100004997794209
1151104844
1296650397
1339733827
100002045521033
1224760267
100000332025039
100001900723217
1258533187
100004225543759
1710470474
100002189959492
1362804500
100002066184285
211202427
1839661737
100002033201619
100004841192231
100001632083775
1221281017
100001088139110
1080698894
1603373345
100000097086398
100001425481699
100002529312112
100002005541909
100003748936475
1734475697
100001179168538
100001278355615
551994772
1329923681
100000298324172
810029941
1410594583
100003125352933
100000114468128
100002144651137
100000366730826
513822678
100001993608810
746981157
100001805469973
100002508046721
100002951676937
1151528240
1153634111
100001381737532
100002284312102
100004521692742
100002215016746
1343079805
1642818953
1413773393
100000465389179
100001274888522
1249795629
578361308
100000661681225
100000450514036
1342437462
1415401302
587432115
1058216346
100002515776089
100000173586658
100000062364738
100001487710370
721004840
1333773841
100001033882521
100001504060367
100001129536958
1718760722
8829902
100000441074647
100001365483487
100002601961068
100000989132696
100002977072128
1656225924
100002416383510
757666795
100004094973626
100000179040373
100000705783454
100000720036011
100003910702916
1056357740
1244994590
1280220177
100003344177664
100003388724014
1416252754
100001960832603
100005293841637
1561362064
100003978325069
100001511780517
100002950800569
100000446917619
100003218497014
674269739
100002682884273
100003816174231
726359259
1462450587
100000971797952
677169923
540752926
100003945881906
100000871072827
100000316431700
1266341025
100004700502898
1151231853
1307054790
100000012192345
100000139394005
100000176283094
100000368638885
3614716
520572345
100001852433850
1555517751
100000173083378
100002806359179
1485938482
100000252723388
1134536777
1269783235
1100092155
100002379515628
100000206751351
100000284980896
100001008866842
608656228
38910989
100001664753854
100004869728388
100002368432763
824301771
100001400891123
502743698
719134601
100001598285813
100001524465417
100000203342231
100002099193803
100003817640759
100004061842891
100001317810488
100001547344261
100001157631701
1803791047
100002682622838
100000541636440
100002218448360
513868649
1311875328
1437795789
1395044407
671712390
595180862
100000407541626
100003751271770
500060157
100002386312566
100000789110127
100001270505913
100000181823492
100002843417176
100004510921902
100000452322223
100004252531129
100000727465587
1707177083
100002228432951
1443395220
100000605299557
100001207713912
100002886403366
100001453286919
642006965
100003005235652
1705250066
100001032096386
100001097408395
100002283270312
100005821473303
515544046
731360547
100002301528045
100000589076570
1243418682
100000510197961
100000288933467
1459200505
1152776004
514566234
100000087210527
100000544401955
100001874661492
100000988015893
100003373627924
100001787565713
100000418385335
546046108
1085156087
100003819964215
669563480
100000590590354
100000452214261
748320672
100000984125339
1434425614
100002389933058
687589145
100004098480248
298371494682
100000606822544
100004516450406
100002906503983
100000391300052
10702303
1181326003
100000612848858
644583389
100000228428822
1110300190
688710941
100000273612762
1682296857
720414211
1421016243
100001154357173
1143998575
100005273794962
201600020
1253687151
100000899982840
100003465971368
100003558458321
100004216330960
100000028087019
1274288416
100003839124741
100000320189226
100000181294054
100002996085306
100004706112587
100001245890100
100004896281078
100000770602743
100001214283287
100001699188048
100002235862118
532639471
100001780857447
100000923195112
1835586461
100003221887874
100000604703739
1746444429
100001390437884
100001842393181
100001205597110
100000080179023
100001671399401
100002645427409
1518917457
1135457975
100002805233238
100002600396761
1534179088
100002125485921
100000002613042
100000420168756
1547171873
100004376893793
118044201564615
668735406
100001418425622
798434687
100001084872436
1155096971
1024766732
1336542014
100001883544468
100003506811285
100004947639196
1423361345
100006136620871
1231389785
604786624
100001783455565
1331611822
1566371971
1665911813
1196316993
1699868042
1783036691
1446872115
1536717330
100003861992139
685053986
100001418161622
100001951389527
1457160792
1013596542
100001632293453
100000457065164
540340345
100005271933794
100001031268689
100001407875094
1637791721
100001698270158
100000665565326
632674238
100000760433394
1585789510
100001817873136
100001948768493
1279094507
1466181472
100001147113199
100002375928658
1116888799
100000358108484
100001625127631
100002547361685
100001435954911
670168498
100004579267164
37504061
100001455356398
534423294
100000418285918
100002100767057
100004228176830
510871277
100004982834290
100000706142285
100002931895028
100001831176418
100003621537797
100001898488604
100003671767338
632174514
1203375683
637906582
100002478612073
100002973613406
100000495975476
1640744151
1481492033
100000599717637
1474691169
100001770945057
100000038042576
100001100829696
100001167754179
100000728111970
100001406765534
1215908811
1357905844
100000499732954
100000320085667
100000912219973
100000327753335
1049574222
100002411382935
100003910887212
561086193
1306318817
100000013600733
100002152860966
777158894
100002006618133
100003110465361
100000904131161
100003657187224
504411990
100000806294603
100001756368496
1368648528
1791448245
1427683388
1408938803
710065447
786318228
100002744482109
1611267857
100000030126078
100001735325739
100002523468934
34603461
100000507584292
624996873
100000078797730
545398659
100000268105486
100002304800273
100003879896028
100005735137769
100005167208749
100003234542271
1406877364
1049224149
1027443512
100000725146355
1446560781
100003679815831
1514635750
100000377281782
100002121868320
1588064070
100001407765759
516024095
100000247149518
100002532891538
39500273
671148391
217268911747382
100000276522419
100000263032540
100004139196236
100002526689123
100006028537930
100002615942377
100001268488820
100002759415081
100000631404822
100002588950672
100002003558075
100000077206792
1312562110
100001023096856
100000476075015
100002555780664
674429149
100001158814540
100005174616273
100002468208541
509392729
696025350
100000375214038
527800881
100002745890968
1353195969
1239228188
719053875
1412426458
100000853918899
100000244075678
100003732355546
1423218173
100005456706272
1534688288
100004851458852
100004058376062
100002630417483
1163057036
100000411859180
100000293315098
100001352263591
501845815
100000175015141
100002491276210
100000654752604
1118913919
100000148485297
724118052
100005134569508
408837792485120
1263960032
192894514077299
100002679109752
1623984921
1316475374
100000226279611
100000652077029
100002381994473
1693371159
100003347697774
531533557
100001398227572
100003962096382
100000207555423
1680316852
519965834
100001709994851
754293711
100002323159180
100001804305157
1054811637
100002054085310
1598056153
100003768810795
605063049
1101870871
100002609733818
100000430572558
1636563651
100001472458139
706081250
100001205053139
1034215353
100002379013990
100003261609235
1053526470
512335876
100001855062623
100002841835763
100003798645352
100002850068578
100005575892123
1757725690
100000732396900
1539608533
100001745982504
1659266267
1017476084
100002513804897
1174931507
1262426294
100005469576375
100000741460867
100001246541754
1333544091
100002474723446
100000300666425
100003061233199
510784871
100000569989558
1637926896
100000820629524
100002681402355
100001563044668
100001647969953
100000634838237
100000990344740
100002391870843
100000757484582
1789444934
1782018033
607373828
100004415893500
1789682500
7957882
100002004397803
100001160180460
1065484267
1594973986
678367270
100000592012860
100001228409137
100002079936861
100002855679720
100004520472558
1015768662
100000636834591
100001915212600
100002335378670
100000272949318
100002239825028
100002014342613
1524325910
1071116835
1277782881
1230229455
100000936319335
1085102031
212402662
728060241
100003045583759
100005777892601
100000705514334
1097723811
1449494763
100002351355160
552802123
704045621
1235740342
1354013103
1199341153
100004787794597
1353106274
100005163631267
100001782424909
751030694
1440663142
100000781038824
100002439670589
100001537010598
756643316
641012119
100001455938200
1656331001
1481007509
1652601436
1831952295
100004132472404
100005347781614
508023327
100004627771335
100004069868169
800880598
1655540807
1277211446
42401974
100002494205041
100000801280179
100002971017528
100000533981080
100003011592523
100003229880779
1088223425
100004477264805
100000996082972
751487495
673191583
552651438
100002781313402
100000024124095
100001183351775
1337706051
100002815137311
1173699652
1212423711
100000888143384
1001463675
100000205490110
1488734153
100002900590695
100000802429850
100003815105925
100003200145445
100000642853919
1039809587
100002429380715
100000764711656
100001014351570
1800391790
100001334925902
100004590185056
100000695585556
100003100203194
100000700673603
100002533794738
1143272433
1472643269
100000607563969
100000508929162
1027691472
100000262686399
1738095536
100000291135743
100002674468149
100001213877529
100002728177274
100001341051055
1193926983
100002952946330
1493542445
1273326204
100002250803881
1153459062
100003064030359
100003569155273
100000164875654
100002260869814
828329167
1150514238
524285850
769879776
100000446026316
100000540743665
100001958372026
100000677573628
549990674
100003253600252
1417462732
591313380
100000225416408
1421980348
100003404894241
100003958671589
100002711901977
1530096720
100002820718266
522968975
625361882
100000466758442
100002608078186
1393814663
100000453790451
649836729
100001289535942
518798417
1340691720
100002819991393
100002769674429
100002359982172
100000657647750
100002531572436
100000574140478
1556478878
100001226114757
100005460782400
100001131212533
1182275133
1149637308
510567199
100004418644474
1190286522
1025838652
1026039976
100001860599217
1376116167
100004293910880
100000058007514
100000550611203
100000212119718
100000165315346
100006054577214
100000294564671
100000494847849
100000220367960
1179890166
100000997489144
100003781301025
100002075161771
1346814581
1341229453
100000011595207
100004403350306
100001796090347
100002284117883
100002243481328
1594756545
100002532487834
100001168027703
1037499379
100001923013157
100004374877214
534177186
100001380885903
100003110930211
100000152507888
100002654244342
100000777010676
506083147
100000746583216
20713338
1337867387
100000608226203
1287397548
1531185378
100000128172469
1246804777
565263661
1660835830
597177872
100003855405642
100003774692121
100000612278375
100004691791075
100000562190605
1536537463
1323305661
1401411644
100005561894555
100001127356874
1398230376
100001705584134
59602084
100003316182553
1369833016
100001333035285
1100483351
100001243714694
100004091971550
100000759302234
1552088828
1095612479
1412898121
1127228027
1053169792
100002730772167
100004851183263
717362298
748609377
578936698
652402021
100002986908483
1396725663
1472355171
100003848152115
656881644
100000753660048
100000012113773
1823877606
100002231586995
100001531095258
1713736698
100002237093513
1449006875
655409139
100000918750186
593583063
1751216698
100003241361572
100000764790241
786738047
100000500140255
100000795313348
100002831664296
100000937980480
100003558218252
1387311831
100002110989863
100002322192709
655216329
1062052768
100000079731542
1499141042
1380602120
100003288055074
100001726790319
1316514975
594238803
1616053084
800145838
100001388040545
1610427959
100000454520254
100005217816033
580660225
100004784884289
1075450536
100000523158032
100002592705671
100000089651931
100000701268335
1120733999
1398011119
100004400112549
100001008772688
100001544268884
100001128434591
100003949373044
100002483656366
100004010763065
1103776199
100001491155627
100000342541417
100003263733192
100000523284349
100000259517909
665636588
1725685091
1214437306
100001687077184
100004717413488
567955961
1351489308
100001056765604
1245828224
100000659621612
100001392291805
501147779
100000045508242
100001657006288
1388546459
1306505621
100001562161878
100000914271112
1072924887
100001941586318
100004017843542
646846011
771147551
1817656177
1382000011
100000201051062
100001252437350
100000239196523
100005601062203
100002987988963
1529589048
100001651492209
538318467
669785257
100003067748193
1371521932
100000928295144
148103060221
100004647395727
100000745247288
1311774812
1121072846
100001257463238
1508829640
1642102577
100004143123770
100002965560839
100002668445597
1789251394
100000823977375
1323498566
1763395063
689497732
548714821808782
100000421837882
1125212460
1029045146
100004078899784
100001717916063
100002259077699
1380368269
100003665670006
1433843004
612216177
100002855070100
100002101797941
100001539815305
100001166162408
100000711540967
609518102
100001013001701
100005328284178
715155298
100002955305129
100000943447650
1334265843
1114884384
595522016
100004447064395
100000235263789
100002464089375
100002502262228
100000665751441
1041370183
1418521377
1584429300
100005939915566
1238381675
100001319044008
100001444416004
100004286314002
1214433163
100001477085922
771844105
100003617293366
100001807009936
100003122488536
1393483639
100003464201346
100002770412887
100004299576693
1789307937
1425571042
100001398317901
1716803560
100002910387714
1594874643
100003739761437
1009970956
100004958352003
1515510967
1224799477
1599215273
100000467181814
100002603980215
100002754660338
100000814938588
1459110079
1437622108
1490562941
100003744675614
791914197
643349702
100005029753476
100000248882786
100000337760767
100002135300058
100001565125206
100004141783150
100001418050073
723437924
100000513706619
100000306056876
100001883702742
100004468026735
576300265
100000177465280
100004376439470
100002305808002
1483950061
100004367232157
100003206139844
637915314
525615523
100004060728574
100000827291834
100000407388432
100001278893776
100001798913817
100000549224552
100001205056266
100000639444511
1344258376
100002215620183
100000801835265
100004999057509
100000632194418
100000272223774
1290456579
100002252599878
100001911347546
100004977493423
1412027844
100000122826033
100003158401277
100000129929480
100002261631093
581233618
100001605398913
100000045805063
100001700494825
100004355199273
1533193694
100000076273910
100001407667458
100004723028393
100000142631889
100001054028074
197103849
100003730943849
100000570663313
1345872546
100001246639847
100003500310811
100000160686045
1139396125
1234575061
100001196220433
728902237
100002573365835
1389532555
100004160263559
1507879210
100002440138189
501271907
100000511672804
1598882481
1436825226
100003015744075
666613790
100000707019060
100003080942648
100000638686318
1443432738
1520063540
100002190223161
100004571430582
1263799515
100001873795949
100001622342762
549800383
100003094007858
1299611169
100003774644125
1814536956
1429364666
100000880453956
100000826147698
100002255344654
100001153339770
1316270026
1527990003
100001732123725
1601647697
1566682500
111100062
620334872
650177659
100000782226566
1379436167
100002926776611
562270752
100001402686293
100001207798710
1256239177
100001436278707
553469607
672597963
100003342468907
100001115318100
1423583198
100002447230110
100001709515905
100003279836105
1050337406
100002862965532
1618965650
1399971521
100000712396233
548147276
1042770368
1273165916
1315972860
1426697193
100004028966617
100002966216335
100001501205917
100000452603109
740074571
100003542124140
1282612647
100001428911158
100002157056047
100004204984441
1545633261
203400250
732373188
100000475746673
100000621390484
100000451216806
100004347967593
1216853929
1048462541
100001675333767
100003370544615
1002501875
1064168976
100005362028706
100000022112470
100001794711886
1584147932
100001641557322
100004459295185
100002657752634
100002743868872
100002878429905
100002161741204
100002533809707
100000474415705
100001476253093
100000011668935
1190442377
100003491410751
100001270899612
577028947
100002723172430
100004005530964
100004392039339
1534194540
100000309404930
1403795584
1162753305
100005089924105
100002880511223
100004579269080
100000135151082
100004696440415
1646504196
50105270
100000086050073
100003174335368
1624367502
589703586
1335472982
100000236706416
1393838750
1400643781
1022925874
100000879163540
100000406080935
1537570993
100000758724253
699915098
724176471
1495938836
246383649177
100001905421819
1651064509
100002955769764
1009603088
100004998732164
1214957226
1457867586
100001375165650
1176596010
1278653007
100002340676342
576810426
100001025321152
1535926596
100001025743360
58219638
100000928535904
617929830
519496737
100000221011845
100006204433826
100002618442498
706233810
100002194218837
538577473
1519950913
100000505627908
1072691849
100000542094112
1627908189
100000615636070
100002013519821
100003156700280
1600783857
1440965006
1441367211
100000740243441
100002475655190
1020754989
100001868187260
100003635945999
100002068107220
100001880075208
1103372627
100002636860175
100002645036739
1661855016
100000441797353
1814862976
1354695508
100001448094800
100000451464045
1324220720
100003614616803
761668813
1470193056
100001129916877
193902257
100001072992661
100005688902134
100001610831897
1062169693
1185559042
1625498675
100004763144504
100004635725697
1417983094
1351455698
1318219817
1112078453
100000071687617
1060320173
1388269010
100003098666043
1547032809
177700371
100005259493304
100005107624285
662331868
720492492
100000496624624
100001345444253
100001364518916
100000842701883
100000463291725
100000543965432
794227339
100003522725231
1706090848
100000002320618
1802353237
1712885726
100002332027666
100002240036257
100000283248068
1361667367
100001146915122
100000785509977
100002170937975
100003134824989
1510570144
1562172721
100000977314408
1250114179
100002612752719
100000274873296
100005720311985
100000508159598
1584665030
7023286
100002502306365
100005211402108
100000964884361
1176984341
503138580
805183023
1550267193
100002137468308
100002549843583
100001773853234
100001706059188
100000832331067
100000815043857
1730052843
1582951002
1069179712
100000529734739
100003927640629
100001051338032
100003166287534
100003263251226
100000956312586
1649467137
100003913346889
100000789644333
567441751
100004702422259
100003716008145
100000008920141
1227791536
100002535948953
1619656719
100001148528629
100000235673994
100001438414433
100003042553715
100000187240565
100003268467475
704195279
1493224986
100003789949635
100002684483796
100003148853794
100001676400213
1676122856
100000127577904
100004535762546
540746481
100000166907517
100003083455879
1201548831
100005938623275
100005382903249
100001785694949
100002166502147
100001083219597
1292190796
100001972592284
1045209588
100002607607958
1655536768
1576836823
1219316988
100003786572256
552507366
1356141521
100000127353332
1669510041
1544765345
100002022173752
1122670257
73100017
100001455307694
100000661408029
643766170
100004935486692
77306936
100001112538563
100003784583688
100003682122417
100005228892849
100000593433176
100000386454252
100002362629920
100005940462571
100003969665133
100001468112462
100004385199971
100001640152797
100004958132747
100000161448552
1536877743
1753018163
100001959724829
709738145
1528981713
1813951201
601971411
100004275660234
100000610059304
100000252295599
100002733524556
100000161390972
1814240549
100002092706012
100000745030858
100001597256008
100003233991344
100001275386303
100001107138828
100003674606688
100001940988698
100002746775764
100000292079499
100001269316430
100000404440239
100000014369133
1272169738
1281694156
100000006044466
1553018373
1655460254
100003535812905
100000294758113
100001526013914
1600707713
1683617829
100000639455808
100000697056116
100003146020530
100000471327448
100000136156665
100000836082515
804923329
100000578090230
100000139942528
100000049749328
100000376903169
100004343883695
1059827000
593493470
100005926867651
1032144706
100000131887344
1185410734
1405514066
1008997109
100003342297250
1047669713
100004025281576
100004020409897
100004368243750
1587279273
100001225131458
100000057864816
100001709013365
100000456226773
100000977661582
1408893443
100001111600838
100002750023412
100005575274493
100003066887090
1786176743
100004119633598
100003492756856
1478787675
100000826722395
100006288542249
678484139
1046696436
1104829249
100002227609997
100000010457392
1422526736
100001306290256
100001559169073
100003176561095
100000242232274
1335945878
100000570202171
1735102646
507541558
100000690983033
1734301027
100003531387687
100002121516213
100000433689147
1632309635
760790954
100000802735213
1187196287
100000929586404
100000743300678
100000452753776
100000553964651
100001509294496
100002008672044
100001170374483
100001540659878
100000627535536
100001448239622
1372778316
100000180587043
1511261705
639928451
1258386903
100000913401651
100002517722464
100000212736126
100003187610677
1236621842
100000427288271
100001662725753
100000738272663
100000240969146
665803656
100000296191199
100000264460872
100004352861538
836980000
100002698062969
100000534225444
669134318
100002400317776
100004156390680
1379858442
100000960460245
100000112076002
1632528417
1251421227
751430111
1153832688
1447377879
100001631805272
100000421141758
100005623002781
516755698
100000851693237
100004069142859
1639089416
100001641914374
100003400075078
1628794998
1075418686
100003474513834
100004841520168
100000415292126
100005638749139
100005024283255
100001202275746
783589323
100002570876711
100002251488888
1722776881
100000837185056
100003577272881
100004419163663
1824405540
1660524343
1370784199
100000519174166
1246467619
100000683633790
1378886244
100000576571629
100003152757966
100003380330186
1398157266
641222615
1422019974
100000074868731
100004045337953
1033836081
100003769756146
1686687723
100000015487941
683833960
100001895437755
1282560921
100001037975042
1762794181
100000033376607
100003947948221
100001829815957
100002243627729
100002091919236
1480820514
100003479662083
100001556869983
100000761851277
774158352
100001209193382
1336206771
663895481
100003568267458
1005613653
100000604046522
1545913449
100001722999936
100002175597381
100004690507855
100003289176248
100003357441142
100000540304321
100000121131982
100005258623928
1428765200
100002405910816
100001044927682
1693566113
100001357998730
1308198493
1268384203
558408761
100001989519595
100002685933330
100002527304238
1321102050
100001178067490
100000674087005
1220308721
1674739168
100002257296813
473252196038276
1466646825
567437345
100001042966428
100000603250432
100004247076890
100004035231216
1099924726
100003402684324
100000195592225
100001735076451
1058506712
1450722244
100003334503058
100004837683262
1287822508
100004755492098
1427134888
100001640674518
100002252557795
100002245839294
1462651021
1266757442
1547414138
514224671
1307738924
1220416398
100002637571160
100004525239653
100003085629141
205301760
100000657937633
100000192001322
523518008
1531832550
100002385117975
556784854
1357850260
1150246483
1495350974
100003625905907
100003500078173
100006117612244
100001042976623
100002519255007
100000630391456
1701231300
1423451397
1456613354
100002586389005
1358400926
100002164059760
1850926643
100000089376406
1408926306
100000418694830
100000744313189
1395128590
100000008626382
100005312162507
100000590031876
100002420864150
100000085520827
1671836104
1570613080
100002552805942
700056613
100004294716744
1507783528
1548085644
744230079
100002140278927
100001440983352
587957031
100003060613478
100003713052053
100002552373456
100001531821231
100001018054907
100001421948858
100001703570054
1317923859
100001016295084
100002441689858
100005669886380
100003394234805
100001965689258
100000809793011
1798329084
100001436733118
100000744272172
100000467521018
100001129749397
100000219887965
100000036036006
100001716145871
100001071485050
100000720745363
100002956198489
100000436207359
1310954323
100000066665388
100000019280785
1679330265
100000660760564
1658883178
100002481886383
1123635804
100002139162660
1261133659
100000313842957
659773446
100000505315643
100004098247810
1286090287
1517118293
100003256778831
1488612602
100004680430963
100000427964735
100000539168587
1403613181
100002560672540
609532303
100000187444465
1657504085
100000264708180
818724320
100002107158084
100004058677641
100004440307115
100003348724790
646107843
1487376710
100000378879083
100003697762865
1328282406
100001468472304
1617874495
1396343339
708601187
100000322221195
1806564767
100000094003720
501460455
745060361
100003692757437
100003895373766
557682716
100001951507744
100000150549976
100001639062239
1612190832
1521530073
100000962126045
147600249
100000318096341
604173990
100001648433069
100004843388497
100000644625109
100004995573212
1482181995
100000877993840
100002313579239
100002916657278
781809034
100003293853678
774507942
620218708
100000370222859
100001448330323
1298971251
625854973
1492089779
1227142068
1168957239
100000763980039
100000621761247
100000967792568
1416650222
1262347384
100003334508160
1072779834
1420742491
758382938
100002124558003
1328075394
100000024085680
100004637581369
100001027984593
1671013321
100000016377062
100000043560260
100001381922982
100000148444125
100004145193665
100000958736841
100002654037352
100000840818816
100001441700334
1509141841
100001367073985
100001836276238
100000253285117
100000616402733
1015564791
835229687
612167902
100004394941929
100000799574295
100002209836877
1619522279
100003700812625
100000657284562
781413078
1594685006
100001153090267
100000594290144
1109593243
100002011301814
1476194037
570632288
100000728112117
1092154492
1116906248
100000506835182
136712536384414
1292085950
807108465
1818363423
1845177902
75801822
100002160025276
1013996654
1720457828
677550442
708152732
100001932457538
100002807525387
100002544577211
100002373620303
100000154075739
100005364489134
1824543133
1011812027
100001279058753
514557543
100003946348017
100003595585268
7916791
100006159515557
1263325998
100003099472450
100000534942583
100000778672549
1851615648
100001234215362
1640576678
100005399374116
672648832
100004171424064
100002993459137
100000232082502
100000422623047
527838231
100001817232156
1847749538
1669804935
1765119983
1509915264
1438063787
1430760603
100000363891207
100000423041963
100000972875272
100001461297366
100000495828460
1663075013
100002706884625
100002513394872
1270534759
1243814979
714577843
1506460944
100002080119778
100000873224266
100003947422734
100001176771918
1549868096
100004400621160
1546186721
100005708467577
1594995011
1712143299
1059791331
1629272752
100000640877489
1662217669
1373425068
100000904542118
711125380
1067125587
100002176011958
100002095591365
100000856197463
1396030866
100005182413883
1811498071
100000434515605
100001802223125
100001628251919
100001588744853
100001468332481
100003617216966
735157753
100001169651779
100003059889891
100000272658848
100000006937494
594917519
100000794011263
1119861854
1562017788
100003238802823
100001112546514
1527006233
1009192455
606825849
1793057768
1151361514
100000439825925
1202143916
100001908977642
7941639
1007687373
769665603
1758747148
100003739222683
100001893680030
100000651146832
100000965975183
1720643548
100000386514912
100000100945307
100000628005373
100002976003752
726653682
510941123
100001719162279
100001364213462
186179581421044
100002100230928
100001285880106
100003504671638
100004086722919
100001073785722
100000471068626
100000328599936
591584063
1405878518
100003595214814
1301411800
541292392
100000691397017
602699941
100001808338941
100004058017398
739221029
100000827801440
100001563531638
1066257203
100000401243465
100003830017486
100003633069846
100000309181480
769178770
503283020
54903536
100000645458346
100002829838438
100002801333403
100003734762242
100003678305980
100004039915379
1510400531
24402371
1133270424
100000655774531
100000128203816
100000156243650
100003261723331
100000541913601
100001048820996
1614579565
100001211875463
100000603931819
100001236832064
100004894687352
100001350884977
100002422390724
100003784334784
100000079134268
100000095569526
100001620982853
100004580077024
100000270367094
1294593700
100002325222625
100004926754265
1191337528
1193973765
100000614461054
100000419452350
1356132009
842060602
100002168895249
1292656600
1231640370
100000445068193
100000244804566
100000769846890
100001817480318
100001529540157
100002584914156
100000735234117
100000640186467
100001465695221
1564852466
1722982095
571171936
1767411334
100001476464994
100003785408743
183000420
100003381496102
1580066680
1641553423
100002448932195
100002786327399
1710175266
100001950764147
658740906
100001343342978
100000289152591
1399198703
100001340207730
100002207476358
1385533993
100003303436592
100001669273155
604321901
100000530853877
1736221417
100000309347518
149632481869595
100000870853467
100000576776119
568913174
100005109334481
1677790470
100000577397889
587798515
100001243293590
100000557146583
100000422117258
100003725967660
100002299298907
1407033777
1770773290
1519429975
100002131850397
100002990327509
1107100133
225700681
1659831819
100003511382232
1367514297
100001729755366
834189259
1176596373
100000461798025
640101425
100001240179924
100002553806731
100002416579523
100002624540892
1133419975
100000720302387
1360058582
1430991518
100003399215623
100002499588715
1617978785
669454041
100002696241943
100000470174361
100001213449320
100001493238930
100000562522343
100001149116042
1251387005
100000631777436
100001210736073
603466309
100000332048175
1211055423
100000135040257
1621272999
1033213240
1720920166
100003458912210
720166849
100004072636045
610375203
689859740
502064449
100004788481247
1336523698
1697345530
100000704657358
100000703488925
1022164590
100000523646443
100000497224842
100002380615567
100002705932106
100001113920847
1107167072
100002947471364
15935511
616996683
100000150505735
100002460537520
100000606053524
1195058016
1471140476
51903709
1423669081
100000342241168
100005124963521
100000285617938
100000024817564
1410437700
100005262793263
100000376928169
100000311730658
100002367800381
672503908
1515234551
1333535794
1485233665
547983024
100001238576021
100004035090459
100003780190835
100002000553628
100001362093333
100002463994546
1194806871
100000636738618
1817627370
100000030986920
100005061519548
738547436
1086787235
1846485161
100001676060447
100000108931094
100001503746599
100001089304031
100002389326942
100001342776546
611487063
100000933605478
1123382664
100003164203139
1601404986
100002265815616
686412195
100003029288812
832039884
1574337224
204591956257953
100000564360129
100000061307175
216900854
833929522
100002509023198
100000146523942
1832396242
100000189296020
1381232363
1179470789
833932439
100000831020138
100002302490375
1641485160
100001240355563
100000256612997
100000459824360
100001933609580
1268990596
1560027637
100002241031533
1261870596
712066182
100000151496310
100002102058941
568496819
100000743984141
1272686777
100000655711014
100001710789014
537477574
100001567108306
100001247143063
1175300651
1808523971
100005392865768
100001534251566
1362091236
100004005201982
100000109189457
1563222347
1305691397
1354064846
100003832420271
100005122721085
1358824771
1633880000
100002976548517
578934585
1379993868
100000809207295
100001661863759
100000020536544
100003079431610
100002658917697
100000479465152
762071551
100001231796800
100000811742783
100002355083979
1836691640
1580135497
594997841
100002208497716
1274767596
710909141
1140936598
1127100409
1602386536
100001965876894
100001684623528
100000362213427
100001042755765
100000440769279
100001448838927
100000882657665
100002512201100
100005499332056
1264736275
227440337294800
100001712543161
1350695070
100004301821815
100001601444210
100003804465766
100000366140017
100002946067301
1230370234
559390051
100002476118320
17823419
100002033031402
100001186122878
100003312642243
100000720368117
763454195
1208541000
100001972886915
100000396782596
100001726085965
1255767146
100003643628620
100001108005052
100000108493515
100001451497122
1407284978
100001302361084
100000285145624
1272165702
100003352935918
1700481412
100001914250963
100003183393047
1001434411
1602892806
556229361
7103358
100002540816760
817269087
100000398444916
100005401931780
100000578697400
1220913070
646415308
1429493292
100003201266584
802107697
1037517039
100000214082213
100004565413776
583254849
718205642
825479391
1017000208
100000916982194
100000706091727
100003132996829
9190152735
100003877310413
100000965996509
100000792053998
100000701432578
100002828667286
556854362
553501163
100002567967184
100003317689849
100002823121204
100002087425195
100004345119391
617547362
100001089630661
100002311628399
1253374753
100005470860347
100000565631835
1492466197
100001353648620
100000247151445
100000469487389
100001444009288
544577413
1471297939
100000199399465
100001151558097
100005155804340
100004701845162
100002753514291
53600124
100000491788958
100001813304084
758032506
742206558
100004887073272
100000839330681
1746830371
100000339837474
1401927083
1474221536
1371770961
568105972
100004926224396
1068615452
100004919222343
100003509910718
100001001762753
1543879948
1266845187
100003042290412
100001543078392
1092611689
100002973388548
100000143034640
1353690001
1231830180
100000657636264
1786720623
100000219439595
100000137262456
100000148727847
534520380
1031041200
1804786074
1518738962
100002433716203
100000782494983
1321888300
556938092
100000279199406
100000176491752
1449651325
1217687068
1053964725
1241076738
100000615339239
100001011031830
1829866440
1417504151
100000429307450
100000222236208
100003794731054
100004983394138
1459590615
100003404700065
100001008325563
100000388817688
100003212015196
100002528174051
100002537590865
100002976649245
100002511367604
100000225961186
100004593750310
100002674089917
1617156571
1504946068
100004663233620
1321701348
560465138
100001095117838
100003637201119
1313987810
1507269763
100000843713223
100000114855105
1207116419
100002833924022
100002073083289
100000731138362
100000706189259
1063702528
100000112705299
556313828
100000151060696
100000532737028
1078227018
100002048883275
100003061324511
100002179452477
1488476075
100000693554033
1209861599
100005276580187
100001863590146
1563917790
1199672302
100000005286539
1776772356
100003706384208
700305724
655272030
100005122866753
100000142060565
100001820291651
1684096157
100001434646930
100002328846540
1507185870
1260638537
100002984929466
100002009745178
100002460105927
1450661165
100002585731701
100000269993077
1441459275
100001972320820
100002839431182
100000357518108
100005071144143
100000542787983
100004081302251
1297398872
100000531183489
1624257187
1753701384
100000146556884
785327435
100000946576015
100001406418720
100000410842279
100005651614653
100000615915609
100002986795672
100004060770764
100000743361726
1167505367
663654463
100001257575492
100003000697955
100003666304668
1134371540
100002865050082
640721717
1570486549
100000390292305
1269199342
523660845
1736370493
100000802896573
100002101794295
1587764565
100001760490584
567662655
677988213
100000036228596
1278457370
100001912571666
100000638915382
100002799323258
1079692431
100000205296141
100002289426683
1361295812
1175322240
1638847136
100001842475658
730159914
100003403563161
100000935146126
648466386
857369431
1641877740
100000908423761
100000860000327
100001896998629
1537596587
1242614141
100002608210179
100002009882467
1604477358
100001516190607
100004535197549
596983805
1712292018
100001049766317
1520900104
756578830
100002640741885
100003564907298
100001371890087
100003989344753
1430470981
100005751249701
100005178792464
100003228372939
100000049393229
1079837424
100003138415029
100000699226812
688997753
1076864910
1595120979
100000708664764
100005406014041
100001908812793
100001489570486
100000539142580
550126227
100001916572751
100000589395324
100000582760212
1063166105
100005125273419
100001071609484
100003051979455
1761932297
100001282838383
1524505494
100003244515226
100004144720843
100000077997021
100003451569888
100004294212080
751848818
1650980505
100004961855317
1068978245
100002940081367
100003581439747
731406419
697068067
1071888647
100003589203551
718419179
1278073092
1636080604
1009071512
100000707105175
100000010204065
100002414906815
1059404563
100004185373578
582512106
100002194939462
1278870929
100001041169603
100000722015098
100001869572729
100000479235077
1561437215
1827730873
100001729896065
100002724845363
1615413331
588197201
1120954682
25400020
1253398171
1796800301
842175528
1607597351
1386802762
100001905910300
100002499924927
100001263123587
100000898323849
100002756148977
504685400
100000552971121
100004757109400
675211350
100003314011097
1062956868
100000247966156
100000772371624
100002474050720
100001729506542
1850365558
100003369264188
100003266596659
100002188427855
100002103564721
59300084
100005156251841
100004127140944
100003122775896
211630732202837
100000187628939
622756362
100000081584778
100004914548844
100005083896620
100000068126809
100002561315758
100001845381254
100003329670362
100000111674661
100003806448261
100003660865703
1099371147
100001274444254
100002725227193
100002454818050
100003158265693
1296098309
722757138
100002337454267
100000140082500
100001479067769
100002233098768
100000743371945
1413761029
1567592080
205106538
1147153184
100004443214281
100001525651631
100000056246122
100004066272752
1433564828
100000078536089
100001510423842
100004482271898
100001850993490
100003307298573
100003345718364
100000644953714
1583198306
100000760519879
100000133281838
1810329607
1357580349
100000537212982
1026081907
1429405259
100001219497147
1346261635
100000496788649
1535943837
1009231400
1076531363
100000904387198
700261351
100003492950702
100000087527708
1756149062
100004758723062
100003284460358
1464261867
100002698929500
100005096923438
100001025781226
100003854374338
100004316732335
100004830941894
100003984634016
100001546662624
1526770888
100002675492749
810224991
617080622
606908252
100001767758792
166900524
522874147
100000541001180
100003132101215
100003963822755
100003331498551
100002869126801
29907502
100000439363539
100004949342987
100005633802611
1140822657
100002724453709
100000348578242
100000415052367
100005980873796
521532004
100003080598737
100001371724590
100004205469160
100000511375244
1364485431
100000805661014
100001139830939
776415007
100000937970829
100005227563649
100000046800713
100005120318198
1487203675
1579320031
1329016786
528259387
100003038568200
100002172491636
100000661343792
100000314297084
1062269151
100001757846726
100000673514531
100005241752435
1460697307
730515662
657598014
100001490753254
1533832069
100001909724176
1838438914
100005650242037
1822238589
100000192968546
100000764440012
1067219629
100000605176695
100002363141482
1477636756
100003674351326
1170919919
1256642086
100000058911711
1695097577
100001805184710
100004958495202
100001320940760
100002565057517
1418153018
100002369741218
100001464372288
500703138
100002165852250
1204548887
1011219738
1533064640
1213272689
100000615730463
1312813936
703533817
100002287262474
100000191181421
1523315725
1232497244
100001861183456
100003185926151
100000292422201
656583568
100001003521519
100001295163337
1374074481
557100865
1365968789
100002217028630
100000506079443
100000223444986
1707975301
1475434935
1170069587
100000580869055
100002101700934
100002962373451
100001357382442
100001845813743
100004421282363
1170711723
100002498358399
1553843467
1475484458
1182074868
100002048474753
1032710079
100004986851446
1305441188
100000527361440
1421083437
100000347911915
100001166488029
100006152709097
186150061433483
100004051630450
100000431976968
100002658928505
100002497226088
100001504932486
689173644
100001233432516
100001738200895
1791033146
100001260864262
100000099469176
505420535
1005540920
100002128838865
1469065878
100002190595004
850824258
100001755600295
100001451126911
100002051992526
730570420
100001078438276
1271100279
1415685762
100002688577908
1581964599
100003199805117
1629337227
100001516120648
100001756569911
100000099467758
100001239953225
100000629657951
1340229639
100000352241973
710517779
100000189051232
100003290485677
683063130
100002128686374
1404683768
100000844510835
100000234510939
100004417925498
1528843707
1281248965
1368296793
100002881975094
1517504153
100000900740952
100001952496013
100001762225862
100000217131545
1401220837
1387050257
100004919647014
100001012894120
1430504224
1647232125
100001679092915
100000205336361
1210413790
1682225571
505846069
631692285
1271776751
583020884
100004322790110
1655103008
100001138150620
1848722514
100000144511512
1149184285
100002453281437
1833733387
100003819100285
100001827199455
64201973
1352100918
100000672912731
100002363600348
1551986381
1091166308
1004758015
100002196095546
100002035546961
100000466474644
1558090795
100000924008304
1287312692
1011190150
100004646704376
1372126184
1296482259
100001388319684
100001235776526
100000334759754
100000833193241
100000520812214
100001467456150
100000319012771
100006096940815
100000109638486
100002051204856
1846671132
100003241983895
100004891200140
1677846191
100003234960019
627447600
100002840506609
597468657
706028071
1161251177
100004357717462
100000190042288
734370802
100000356125187
100002690570428
545533235
734010517
100000677494517
1554033293
100000240470406
73308699
100003600284524
1039449790
100000138451295
100001631237618
659402720
1481222743
100000501518909
100000516805993
643205286
1373632332
100000558319351
100001372766150
1809113319
100002151803910
100004621058983
100001042871203
687109076
100000337561602
100002887081715
100002846165914
1134442370
100004612802691
1632836607
1422663289
100000228214076
100000882982158
100000486552664
1427774117
100001447417534
1443276881
100004324773913
100000594698134
100000908857897
100001323908482
1307802050
100000356359113
620022284
502512558
1680679528
100003962105710
100000323096261
100000510643222
100004136287351
1472382664
100001754689639
100005631901074
100002876793380
100002926993443
100000459636263
100000103608995
100001924356256
100004549173613
100001692162238
1200682882
1274322758
1342230714
100001209561838
100002378800126
100001909985336
100000383660284
100003884403148
1498578795
584811542
100002190653568
100002949340317
594822841
594074706
1515285588
100000840276481
100003803088502
100000251778876
1343962546
100002173178695
100003147183962
100000202492596
100000509005993
1553108839
100000206727247
100000023909042
100006194496821
100005651882169
1000596501
639102360
100002766465013
677645560
100001571148910
100001386842202
621518134
100005591049060
100002147652118
100002910916380
100002788437833
100003721668176
100001086703869
100000174677629
100000285910851
100000611479922
100000933458223
100002288998277
1282281318
100002068861394
1440705701
100000043853280
100000160323815
100000087286397
100002181714807
1312728976
100004622850513
1748065132
100000938250717
100004841471282
100002215908601
100003516334352
100002974686213
100004275223341
100001827132798
100004040325539
714538542
100002980120957
1369730824
100001811692376
1102676219
1007845125
1410427115
1160482480
100003757075581
100002494167053
100000369408031
1580610570
1001795681
100001740092788
712938684
100002768637170
100002360744186
100001945640220
1771764261
100000906913057
100002572521434
100003004533370
100000309641311
1402245336
100004120081860
1639646923
1575275286
100003973814987
100000588375800
100001109551167
100003121177802
1267062869
100000850123723
100004588478473
100000802910577
100000725901634
1082704069
100001767450758
100003851240477
100000880061232
1502954312
100004292552591
100003072027601
558990764
1420877368
100001941769437
100002026267211
1246715744
1839996479
100000518848366
48500357
1532071327
100002415702574
100000964205653
100001683073191
100002257395590
100000559316680
100000076357236
100000017701701
674324815
1454384605
1841365956
100000263500241
100000236953698
100000260543086
100002326562456
634482033
748045348
100000190056944
100001640640644
100004498749886
100002935731236
638179289
100001567798376
100004694318495
1691484590
543261982
100001691500904
1476123840
100004350307136
100000626818716
100000037670729
1005318662
100005167892485
100001975693116
100001279304736
100000608457195
100003704403711
100002073236977
780263562
100004934442169
100004391706099
1775315604
100001725422103
1372961715
1347030140
1206220017
100002265219475
1390978659
1243420581
100001032372697
1209433302
100000650163639
504584270
100001695841371
100005520510410
1180094152
100000133248226
1020483347
1514635023
100005380657406
1444457018
194800238
1342563000
461021913970158
100001749006399
100004352766642
720771794
100001873084982
662261532
1726513809
1169130171
1437158237
100000068962624
528032810
100002580310514
100000082237020
100000129437399
100003791905075
1474070744
100002478013060
100002080045440
1679833363
100003962490570
100003369965665
583878763
1812270995
100001774887073
100006249335634
2043262
1243530458
1242436995
100000622387644
100004855923048
1605351689
100000420145327
100001116107856
100002488397258
100001596864704
100000226103425
100002242923689
1448562648
1330636537
100000469013958
591577915
1837780576
533309566
100000725897781
1418422111
830029784
1807142556
644600916
100000624035175
100005418991810
1302274655
757257242
1119741893
564726371
1511374227
100000629809260
562882148
100001923843880
1451741004
100000821546732
100004086696980
1114557754
100001724436105
100003023246009
100002464713399
100001301512111
100000851464786
100002269993156
100000571122542
100002634460824
100001186111807
726890289
100000935496944
100003870199259
100001384397797
1228050543
100001395588100
100004435208332
100003053257404
1149625137
100002435546597
100003401703195
604281709
100000212767237
100004092754710
788900746
100004331565077
100002361325330
100000801004907
1508301891
100000208814065
1442007027
100002761550905
1481305292
100005284055943
100002096741344
100003511440423
100000428714310
100000683370766
100001744281244
100002033928618
642887469
63700849
1365180335
100000695958478
1287593402
100001964335771
100000527107289
100002857494473
100003468784239
100001111680612
100001152613475
100001669983168
1412137832
100003309856596
100005484451847
100001416787840
1065207172
100003246497071
1765430348
100001126900767
100000906830102
100000390349228
100000046834313
100002597980195
1159988010
100002765825276
1293855157
563263731
100000237378053
100001960127134
100000463205262
100002115042332
100001064743250
100000497336783
100004611123584
100000433137242
1252380646
100000462732819
100001094529191
100001960519763
100001254597942
1061259862
1369972659
100004676802361
685838905
100004836038753
100000673611364
118403647
100002498807555
100000585866415
100002453276945
1657880726
1393205517
1329271916
745993254
100001034206256
100003625697743
100002398108100
686958434
646116775
100003978061641
100000638808523
100003510951675
1595093018
1645392892
100000154132688
100000020726306
1640527048
100004138149320
721909722
100000936584018
658535386
100003366097679
1060346443
631622641
100000719854898
100001559635587
626242664
100000934902378
100000114186766
1002986335
100000530590447
100001321865802
583495427
1752862094
1259321950
100000484384109
100002107154037
807215640
100001342933931
1164192258
100001365866026
100000570990271
665285508
100001010066067
1521990285
1658852361
598076602
100002961709619
1279508977
100003027836389
1085335021
100000475339951
25406604
1181983810
100002734624909
100002325923216
1403425997
100000232245229
100001651626559
1229760129
100002212899287
1341826515
1207668264
100002605860971
1289860917
1693793470
1747345022
100003504565150
1076907796
1786625369
100004153384683
100000538241397
1327132646
100002600541346
628996439
503239402
100000890470341
1161788519
100004333394579
747517875
279507982149622
100000237468069
1821536707
100001417447911
100001514538820
1480556645
583970894
1293136453
518638669
1369582868
100003086211778
100002292526617
100000153221942
100001821114515
100004263490912
100000526900858
1586502796
100001547326881
1043810529
100001337840816
100002860535569
100000650139688
1348247684
776788292
1213523825
1489452750
100004070794817
1795968599
100001375944799
752285249
100000998880506
789355117
100000310162575
100001361879220
100004191730530
1268120508
1309458813
100001762762754
100001195904663
100002513379435
100000593863890
100000118269584
1701356868
1173044615
100004074038565
729372247
2414641
100000340309704
100000436404575
100000043579612
100002073078775
1456080136
100002043629283
1159535600
1214608342
100003128941436
100002873628195
1513991862
100000802433373
1060389610
696886885
1817686658
672686090
1297623677
100000024946975
100000359130459
100002177026135
1066395008
100000786211155
100005346674610
100000518546291
1117809295
1256617600
100002134628074
100002047706773
100001432173040
1682238802
100000625437684
100000752421072
100002564756937
100001026532138
1201745888
1022697575
100003416102121
1438955137
561896027
834144633
1196391722
100002176376912
100000660633122
1443310473
100000908611398
1503829517
1660706174
100004549150298
691996061
1111203401
100001417847554
1840715607
1213467184
100001995765456
100001596331747
1181256774
100002757270436
1252700051
100001052775414
100002013204726
100002569936057
1789521900
1124243888
100002376590155
1044809778
100005752751906
1245117402
1160994931
1123161400
100003275434947
100002387002956
1683331874
1021177001
100000120026691
100002532263357
100005398410594
100000302369338
100001928908868
100003666317183
1837411693
100000230365528
100003628412198
1683636558
1190840103
1504377580
825544760
100001578609892
1248033970
100002208601392
588650867
100000790914428
100001626663978
100001127081147
100001854320256
100000208549853
1093944784
100004704489265
590590788
1298299762
100000650190258
100004290822047
100000900998206
1604676589
1137441620
1528720656
100000749197372
100006171847541
1375314649
194300113
1245471140
100001477001082
100000748293483
100002639580458
1228888557
100003090210066
625743462
100004178529298
100000122471111
100001538285335
1066839399
100001260481589
100003837205377
1310654360
1359327490
100000817562160
1061305216
1538078915
686238072
100004110724384
1588473958
100001811355947
100000731654899
100002663936320
100005025249434
100005836204400
1527822010
100001050735141
715991142
100004840363659
100004933626469
100004056039518
423728634360217
140097436089970
100000497680528
100000251915959
1537326226
100003575267372
1059416501
100000182702014
1242579653
100000890127726
100004945924777
100002520605068
100001983660876
519022472
100000021920255
100002928408907
100000715885283
1433809785
100003619273101
100001506152680
100002706728628
100003969026247
100000272661924
100002987566553
1046566965
100002492936914
1569152340
100002837396993
100001523518167
789594202
100001193574415
100001680535808
100001671623841
1839804831
14816946
100002004568289
1258808830
100002674653949
100003051193746
1063113361
100000271678265
720143012
100003090351385
100000016973978
661448876
1365912652
100000241129201
552562092
100003187248474
100000410366861
1321104790
1069682097
100001435807957
1043731430
100000422665203
100001311047893
100002447966091
100001554379795
100000041199522
100000963421775
146553342044005
100002901196067
1259205184
100000093999934
1554974130
100001022343062
584432913
1670947677
100004916443437
100000508959139
1225951344
1727504224
1336148972
100002760380424
25418305
100001270066686
1032980972
1594363517
100002619526023
100001232738633
1811465966
100003247651301
1303118609
1108637444
1358370070
1509391624
1822418186
100004267981031
100000111152907
619938196
100004596692080
100002522343855
1051590369
100001469568901
100001439241849
100002020745292
1478441134
1289270309
100000437260955
1647603940
1040610010
100004095620070
100001853177623
599552982
100000023015187
100003843673505
100002517435103
100004145804635
100003254838323
1440030807
788750122
1197252975
100000679842805
100000226797868
100003256228290
100003536569281
100004804985800
559634039
100000795732378
100005539654926
100003958135626
100000319512539
1199512478
1258246286
1310162544
100001688945860
100000028208282
100003024419100
100002902814476
100004608756236
100001350682261
100000050306029
100002646018723
1232252232
790201947
1326205000
548462471
100003267173635
100000939662638
34505688
23416473
100000587717569
1028484826
100000120659511
653681953
1034997521
100004565769256
1757471111
100000925648310
100002413740547
55501060
100005251243013
100000285978256
100000434138871
139800899
100002499914242
1516958367
100003159388253
561079325
100003532378806
100001681117159
1136232132
1045090956
1018202310
100002666237440
100000089542450
100000930453446
1272087289
100001594971821
100001129234310
100000125864669
100001109127737
100004091730335
100004551607848
1357544789
100002281963278
100000372958825
100002416274843
100001550408605
100000225948600
563469729
834610767
100000606603340
569906629
100001686431647
1439628442
1363299216
687297245
570608887
1157736517
100000986050463
100002563180464
100002646741838
100003165685175
100001352165426
773999044
1350033388
1015935470
100005043933459
1531687000
1213697466
100006240852062
100000535098891
100001001793002
100001150352542
100001465416895
1150111936
1513030641
100000465986570
100002461535698
1044808387
100001071978673
1851249914
100002444308739
1606811579
100000734645158
1478434746
1229994516
100000274101384
572671512
701634640
501203141
100001808329096
100000772096136
572343595
100004234873821
100001201814052
100002388561107
100000753044817
100000439868914
1212628343
100001449966291
1612992406
822747043
100003140053687
100001638563896
100002888810211
100001272613476
100002895685777
1454760434
100003900927826
704158782
100002923277277
100002563965861
100001378288545
100004840411285
1173923083
100000438129591
100000716825660
100002431110669
